The Project Gutenberg eBook of The 32nd Mersenne Prime
    
This eBook is for the use of anyone anywhere in the United States and
most other parts of the world at no cost and with almost no restrictions
whatsoever. You may copy it, give it away or re-use it under the terms
of the Project Gutenberg License included with this eBook or online
at www.gutenberg.org. If you are not located in the United States,
you will have to check the laws of the country where you are located
before using this eBook.

Title: The 32nd Mersenne Prime

Author: David Slowinski


        
Release date: June 1, 1993 [eBook #69]
                Most recently updated: January 1, 2021

Language: English

Other information and formats: www.gutenberg.org/ebooks/69


*** START OF THE PROJECT GUTENBERG EBOOK THE 32ND MERSENNE PRIME ***















The 32nd Mersenne Prime


Found by

David Slowinski



In honor of Andrew Wiles' proof of the theorem known as "Fermat's
Last Theorem" stated 350 years ago--but unproven until this week
(February, 1993).  [Fermat's thoughts on primes did not fare so
well, however.  A prime number is an integer, which is evenly
integer divisible only by itself and 1]



  Took 26.562767 minutes to calculate using
  Maple 4.0 on a 512-MW 4 CPU Cray 2



17413590682008709732516359924590332789077936369050
70309746547355383827215620662576319147974364224616
10635130071368293660728159709054586772369049491142
93477202089620405024218873003497567737597556640892
78997985072561905731032163710847069465291689885445
30722380248547797941846968948877581472117196096521
07130138147783655536756743589920967534065512007429
20360681239094095454312630905781679734461358821352
20353524610720279709899877492086995072413691418815
60320836818547291247759862604646096021625722838827
38939891890104617219312155545932570137995324568811
85759966782043075143856381987226504677899075388614
68405916279603561174627301118740917331778061439712
23252614922823735925880038798335047860320508646260
66228106030298325285057443402167635765093406904801
96180095803280184094325223694430165424132888797257
65977078015107463420339422610156966680337109316418
54487286547810910997434248254117348626588963519580
71198202583404083067839892949256267872332894527439
20695451974122398122772326401174424039150015920937
87068453272796560830989864220128391868730035161189
79733328105184771759373887626138545323433504405579
68728147719056082218388701004398775588702287429465
30418575051799454296988244539725771476245577990875
68311840532564542404798382142088105611584840676822
70135804803925814582255917194501180083402087910902
01151741341480787794203353945535671236405974185773
41530533437375928644726832094617576825344689133550
95195193611021061639224774403676840268042637922883
84560259241858113553094413619389142622037784908890
11749119287428821316926386978988782053759945961262
57390082549938094076265673909726680225699951311621
33247049224144525578564980920446543691294374503324
57284246520706784460400257113730563048967639223060
62042869909296709227303145526569915674670093322671
14372195108256757884528720656782904755249884754650
29241543441663021039063857192586295157948252236025
30350689280639523767130698992934529037106328638198
72944691163805472049670778684198151100849663338987
23181474095955146657578402673091942286859369101215
23015536133402563639843939676056769938563638458759
50692542435479710475001640347820999348297477230564
91827709398045519256966625015313173781769626770203
77287101029586671961216109089204307707804205916886
44002327481890007644122190276903816169772117848784
75215615592748800867862353290479279963365272775487
99661074814442103799549936350809802679181534737404
56829727455985991703972913190899208766852416348400
98448613200217149089464476992542440325825817995393
51326296199115596203086686933265180424549265108321
58990500081881155869516585961458918527331316370465
94841764552061185638691869288364223880832413027931
15953490764478945999012337591676454610491119195215
98682849205163096876491461848666037174669533644881
63827279984129306376051973180885099003265891834703
86550710599935482013852589761264042373007681192514
83875652844785087824903684221672830387932398283314
68433009906646660805546484208036002016010925044301
22771573758672026174787277808130284183413920746980
81047308545669968591961224243953307203190906497059
50439348055708211088679225916191695862956245427849
08171059762809706292717441692619399586903384138523
77624096932228957836288262796062126862203560238519
27699738846805929523818537331743093390051863318830
84555651748777824168123851027625568904965784341927
57390828601299179109834538314755218032073643604599
24435222250775969372046568729308396981678698030511
37431507268423064740380038239391329972870039328288
59744581717268565498928749111889374076365982841800
60957011640302867819152110844046000548241237226396
86339274320360003760581054420993342486062329208633
95476255107589899763183411184551495078223977254659
56797261462321869275534956583249268743963563493127
22653193345695665605298778057381710557178194096751
91354318795111858836088771756010318122065917686144
65916282273861375815643354395502575778914211775643
89969415492507683292994688554927447763890679643491
60831284240132347236126184847487944192468959209840
24691877147973704620552335988663282807000643950820
80891023833045939159408052557472944573558051285801
94508515695985243384209438522895589148347342700085
20981063035947543485124972022926723684313186582990
44283621411435030734759109609372405471750559483034
24164135207809922574912574265790558879608159257841
26280283459071295375466769545516191172754805712222
48184630643171236969915869380460304891947346695658
25967761249162775329070015399015587985686494124424
81289997210492286051823362838473338088749231349523
31369156187979170652392610516913955186234707407964
50077487372255742280082298361340312781849646957138
76787946164587574869233047990694845068544655837525
01198439038473732067162389674428000337887259282345
27829303820563981919656508497518720699451593446559
04064170866478437373821985656416702569965038128118
83070834619798948633782422510162041896667159104853
23188935042587816886173327144926883050227877426981
76309428576678994190617721449201126379046299127808
31124628432213266724034986776188476242647972772745
72848555495207589488702882068407064119196694058709
01278985837835219383625295150837644169192739695632
19221164979983604381915309654668152202814978803331
34466408893534133996974743394091487867368394005947
48444798889520890490050143104160754550574029972286
02997510877955582515671266275585291365886204254109
11310374697832345874094399752713808974559290050985
62860387331280265313082015243687210524070297605637
38464760149469124705974964413014509164863336348060
08220148832466447814494009556050633526463562517017
57607894068068535360493881660058251067643641083357
81544458388698131152797056622910191108002645443208
33189463329797536232268388092488059536304704304552
00655746014550028769408849979689366515106803621095
29273367387941479662591902300083865050909903996153
20786433571424775468662645142104909461782584067707
13578234892131515157973035198644793061262395643705
50883533318572587621095830760208504157401584936984
33217415415321126620043259782093305884153987374189
42327416549238246017165999195811230443417813435256
92305690949157264557774084311732015192863290656128
46049328505352359557181166963613189083370400768660
92208235639589501420325675242527122162033295812906
68019189465986433369377306723802061161530449842329
56485874412213059150249402785961381536422971410632
79910078111566444746379147351619336442918655487956
33117007502485146118453394539919144006021097239673
78765396433815964517844796010997178179601323114972
38521127181440037991362859893209448894621560756122
53996986834941592966564093905391114984901089423223
67694583738185909424662749291583394731724194129058
83914665139871226389422051454624754104846854281999
98023605149886018896469802768039066033872386178239
87605885159421957357731562731394268140100322260722
95908088955960500197774779829641436201348116216611
46043348719360789268929073150799848916019434957278
02090598435669777824664855373495367555712103233069
45680860977734806485453460623325155048462282811967
65712909447398895237660398353534837465133243532936
08410645277244613619322028881522197357827682120803
55924261873911329720445406630783130050079970071987
09467496824801646394416091132127081637270733085391
20448882171395433603574210763682247932660379891534
85437676625368440724025010765381307481362198537887
34732061361266725029633406658924111174784294549715
79930648925004835216890913639662831411857711454238
89696397927686212407878183415668177039657454158762
18677009488180880528543416276498216053498002628465
95680397664575073271535577146725664729034142388608
21932086341316767441089619480223755426386574466519
35059182522419985462790410403717095767709151811481
71240501134233554803351093780395354815318030514667
57501342392264169739935178074130450402481594215266
71327732649716048969119271220275479464849059406914
18499100984186874427885689248206431778904064603687
45434775383398378126594256576505683862093067966111
66443310385768104125632791690995909972198256686617
62173580572735848293313446333531124564222081886259
99139555317427885800152629680774805633595346098562
22453822308830555043305209243193189482930430248952
94973701653196947046757782411791889996774915484505
48919541378960155573526773721209464642411818144587
76470691184477130067973680814710662192318854515673
43782694076071886468623279987295171130354555963884
30223275884815698710330378981229677537091083129601
95483639715913109625102262707237280369251604529889
20698495041753903991552435223540426365815856774415
74652129128627174120527939564164596297370153691128
00474923144788377175730715095342136910351407386976
00688722771034862292974912491599704322941229370961
75152703688176695255721202670445672422521525894925
61718258277374513552588019350886959997933292749485
95155009205569097809470994393303682896833034508983
93776085158362860699165710734867559106733103654003
22773192953726583226127720460869474966523245176545
65767122007535180362543707068021901458730599329058
04532561840684310108162912512257707795972425670158
91632456734414606970308685316435462847217622914065
86490241916613631545732360558843790287900852243372
99114538200611426255271184183169585161471928128831
02632973766634922664913396124854679532810596026770
84381362266900625331752861893187761669775998334193
93473005754485129150824712467178521753849098836941
13294386751414010177296320074167948765395328972766
67298173492323624028246265091556738204203913175539
07107263825988631893002380495049226817448494876367
17822929210732349063981381953120583523038851808761
07764096542469571395535087945169421603431885425325
32328873006876127173368760153342226495554987806452
42336087937929249122992529702984496172034275745851
16470763503201496740575984916416906796052515617004
01657092986635266270612085456089606410888974727440
30164395875826122225079560969815643618927022355277
57729750912004059993436871145494791025780920099333
08574989309865167461697761437547143186140517709068
13506774510797752588198437254272459571120002051943
32167293374539691471387512961522491479890502435471
00265276145911095658693490978827850983334332068296
98598638650973437666300452497420981801640534501141
97701140456355670975243264721632136619633471896051
73093713979360453928739507232080899270676819338713
40509708612606896199832188338881019260380496335752
29006858432625936962120314854473926685202771898591
35038423446460590404013238961810535743737271873246
24198519413021182165782492324930104381838936063394
92171813557590574355249802656449517146003506845899
75192804392142499548987358815045507587568109514750
43849818203152699996443668079811826840817097039807
76283054656432638309369848538079393965047803107711
41159273394178061257248519127850492118378049712417
89491862468525517881306518666263441429024741323631
47626628808228778356867961421193400231390136149506
27737160711107658188184319522658642862887840352281
05816678938461456717484074684659531112200693004600
63863903793768364370122747663340758124193709135711
85682534642347396517564720039420504723341589008448
38185886643733732157836104777036275394627449669755
84323471135673841055111585232106567447466808869385
98214721244770262745078405604702417293222224183554
58004107318069126956625606102033595532639007223507
36194999612330932211709439694921767446216430779590
80554444427826031802585762491078045198555476683167
28008597763310049393291427027431984394502968210292
64988926044353616603013445147589359953203880711892
13226187858565206381111792824816210683551613169438
27896318523094128922272343989327318893984902790038
00838544109232983548538163916868302997918272417161
59955514935204483653128827747687383521646568880100
08667261032165486947983361291968844827102143694930
55238823852566270622725654182497621610150207005477
41833668507404247617815515032903095206699293381720
82990114796371330902688724813991217537637735081277
32099528485179088749924750755685707573231950553852
94048019376824678345269339148936315358359404129365
79835497171788515703032362297953704242455203238722
23030632391123776544646863165328791181884505515532
56924984868264994504781800977749014532814666668282
25888317811442898858107475152936533595655143204991
11939036351373160295203176693015106776425793220912
56649387146586911633127400488021770104338848262725
49320311478982957023010121990400972378448850515670
72390884611199639410809467743299840091464324509712
80146149198683778147051588398599640348746069534068
53569784325856164979051382825722426515261667530618
81369549563339070451794784391144747198558214730487
37629132832864975928957507312225084433719557282321
36108698322762124396317363055857138648268713234008
48216720297739984995640832084491353820616586470333
77093150265951671640695695301096532418396117165375
53464128845253653863954943231695697227719268693154
83843753857142764059448452331453617541644136788676
90261379304853266272516117184337453963631565854606
06737188279965660710796748422153187421612088587803
98578835108325015176366387303873122643431593167722
60744975016642231804806674402102285734277606438672
93628258344718924980166627141841361523618648774874
02695707097029525386870830745209536323599387948858
55718687044847590835141822752451955702155307897382
29173739401305528674971052387650352348383265248528
03271416155364539233912806404099316927768488169540
28319738430898076990802111006761702559291512220550
30690830073649076452545902501504693122319878468281
25620807938654307654441827986700131777748339134445
89047439648720401348394581988116089488565105811479
61330291583347168251124382670485229353576215417628
50556235836639341058072749793643206879461830312691
61472891929118031274797216691734316793008292754133
32537382002968262644955090722942272261372663924343
14382892780306139574419994828093004621105778925132
52568906805193046938671381989055236971634964288386
11963547986480544846880018800962256750327230135217
42448066290393242089626937959156839552871092152715
59260669217458774946947121830634338639639649175277
80853918020997342247022631520086922654276751298250
57684136848563061715843040314819759381574668043065
84128375823959431888418524353746471994857542916025
94899200042419198817123822868076267708364566817874
22642591745400460073325942703925611159896526446609
14936933549207311326648015603378995917798697834019
69972303217102536351400551917963170537500732753394
33184908849444673777669228820968556919061122478125
05752901706863037703912566915702680819741737502556
58786866263073318311710358130252546679079094286443
51918623122268700991069944682758262696787918833716
18983350324689357673576217393000843564424084077882
96266127327021419224267800085376651821569420627666
79958703295881618190934237995481612240931142074501
01954026523509074077392755830488882666827151430765
51798864173541381071419403326240669943242668319330
12442335564574463033774463924691839926779726458341
42377092701456770629054275672707818207790819589809
66720776171084275167784823286990457525802728884387
65608902962705977894582146940290123905729576564060
87997120897753203683893160253278880155247355543792
44745422096733629109453674978033974291463719209753
51839477107870731672020699393437309655561686037732
48687766682353352167386759262588137852804269744550
84573761039147989459692521397151147199880233472319
22082578975607467998086529496090171689273020549809
48426818884519941620369745200897062813094327001238
67136655500673773072287382224062136809652186710721
12745452851479346239053207419386981367584969710172
08748379828163658193189220272385523019431103674600
70783774427308404407138601759124687375151188544639
13456235902818821833559937177299366365776531367629
27551482437300644560768928669114814753905326365945
82731054790007420929040655402126705475323157599700
46652087062291078638239606273602748169550084587099
05523101563853340505361107369814215129749768565207
39367579628491911571534345404813089437133344291355
29801258869399531482132731858363163510720945675323
82716737118340053454280330538506025435817074191512
62610620181042993450849749601194179821049653465975
89714855220223410978648810910182719858476673811826
65562859864934370053431143722105802215852165092643
95007429790472442181611122105701274751691529282162
01213878704224608837893647626362403338075637292682
23070155031086694416689427560578005417640756769518
44579950301227142239202586421025277431502979260843
91578674518355394002159318007479060270647764738174
87454577258917931717080925198827364865365552089321
76927511934187646791278778753232464838944619705189
61829149121876597941484178860270299409516787394614
31969470029425686674152624832623973904387622088968
73230114576341948001768044848570234542204857529775
89162882471193419729334156210019183081162752406349
82529029207072656088768361677628655889988167403808
06096313191267228595140743659970756418055279126744
89718289584960569017397477706758703610943558016718
76116944338550979511036339298948097219012164140258
40792265413845778660972734887085598636520563508172
90404546827235481892301977840142783289304152943100
62853919426351298483730650230392879701196946903207
72923756335046001394556382437700011421501815564067
94349053636772524937871649964453885175250348730429
51851175625391008469721904451167777925663500154720
72320507188471502201836580273948441791617311256289
20370390878982662454869962734480677886790968479042
38132417040779279546005579454456405315071502924522
39524414855283859925813763915184024884002478666049
48550840197812461216728867182030540116087735536330
51005985797420051939948986566242060643625484239987
70064312693961326059132895510839651068669895467374
98132155176238524959990212728593685889087733790389
98910968054521422774525685595852483932521618182067
92590382993561996837699510786500571878491713941837
10809961193031641890967092958686973901511946398227
97734374116764035086014303635387731602975906797596
73832501517114804928202033106630633534295565607526
03255121899702918208344082788845253953919108465612
89474472911132061993467463000842482282727636805360
31526867198278416655897706984079060504872998840264
41097734471507336773170352576968754883616593970749
32130781091230219816480028473847492313459287931649
21548396700971609509699571670257419925081354273540
32992530856759251427076927050392295866741288294468
91671600164426320811266720046670384374744267736232
97083271119282584760496192551645899793073726854656
46827238537868932950594950864274741048924513619529
18259813753995338780785750821983538843247206982080
25534478980817987082701958673168861874510360188353
08794644893250791373475756880938451351334117856415
98649276325630956174807063179571569681200481126559
09451307276339395231135716345753685651858386200448
14570742204545842306219989281579527362387166451727
67800957851043058146284964855787346913822944855367
71851875051034531511274831135728763348266501296645
64070666963670682324212222870576813433576235306069
13387462037862775445687968877058942174474462954477
72010413525110080983289012182609744796400532887860
84103922601746893621815228685015800383231521871653
23153505762010807301338791109567205138310674871202
54945030879829669863721688371183474877094054023059
17014491142643355936072810323954940616256493040066
10365140394194382796874670508973592674894724558922
31755264464188510665501922166549623444796991721857
24312159339080309034521867419069990505294403140535
98057130180283962807882133611703635100074291709683
10095513106869059947697936848442074173650749480516
04221201240589109894273760222671550072293624038708
17016138994416923209996610968215140843317060580322
82534598278185603938855933400046656263376511716401
88951562856940141582490922573649880552889394279961
27690666008115399685446104135866920985767112420019
29111955593107033136548857236906167040192154619829
35176950653860973914743100174881928913913639473142
07775106480022296186168360366475871696934414640754
34640496753012477878757064859188012985087404739955
79466609535043551635744244704391680744628147954819
36287525578928063658393077701156084472623221116850
94589908270832522413377523296094679146978699496158
78070139220643584166531546996075268835672768594423
28700978083392557683365076617222214780089333721249
52842384775017285348205740901583497004306254753095
31050577620016695751437831220082179065213031634230
14989978029805657742171949482497562303125471443383
86091983713218465829712702520257866977765880466436
54995839301791802426009654636720467853616898862000
13680238586302524097849834964281225622072672509559
73124710665718481817676262495926938169931692435273
34204810610897027017833946796510570286644179945836
94807427721178191767266673837574494783065838215049
26523487875916834465746198320326257406503706520574
58528051701138145579274706759770230411248711357815
81895354074211229057643494621875964995393488358783
42336391720099568187913516469999205077452233953512
43723647041133039878320886618972513014286203115000
76728244630136705287212090843780326656174285482072
13435054725082575205805145227740240941517185270845
22355843499560497771266974818002220424397467124068
34337380073963916277141753263805955982469009255652
71601360850803561441839906790590079539395346155254
49446373583139217304165560542638131255091923302739
01450903551996820442094132469058585248259545567717
67453547054673716441575484315072369514212829336512
16134279008532049426259871234288440100267867176012
79362939750413016355667469441096723983822029929629
66626684544298477412382652084574562017447228059096
10999666184738805615318778582231400157179589235833
50186355075975789033843899726738237781945170129176
49860649845475930877509798912880440901942538440487
66876936045977899023006613956336644424468811781758
85106822700368912576122122622054167671978266083052
07744840793218793606761248478177843444433791958425
66315780171168007716833858732687456553128519108756
22017307319895085495238817462739031713666029077152
41974687943959341324545164711512651875117881268723
55000484387952397394685488712450490961477570259726
61917553906065116312500462442527864269756417495945
70959877362843217303732573094114775706304437615855
18074849335354832834482316583892384181125378396553
02808540561827160473012164927951807227299986336298
41013731506701539227948904914680326724319025859836
67805019250433227936586298186208395911987086115746
73260000820541976347590529435125069695202910659191
43082456703065718242747876196785978245739234389831
99279734379304173460722129779387973646816730456443
82955303171448003096340199052652230416419665808141
03513007355216798845175319286976030026581287394073
29466796152318123126649392759587637031700247614242
62868920323346945699841137534763132215503984041401
74411178680764452261263579114052981165162525113733
97712011332296531127725609104493704005176620993274
14010648048779968652325659677015927018922310996153
85765133466283328928501076078098375369964446990501
62839199270999706905904675771841935452847173949997
56621697658632152649410040266246660667825191759109
50094614284628941604902918261597422279563269557137
21560113749469275530469301085106951071362713832353
14777318539286629552126597189624170055984533256267
85665117193666813916012832427192942398195171253515
21725260069203221228679069875495918031409363734487
95331632975582941852531261401068488818672337218826
44393344287997861902383993099378958473281286277291
31740670739185692979521013528986587009428560747511
74806789364214389528014603856998178656052806463751
98664057396001732776406555927288262736477070258045
50390272532784123578856233066794557002641279279610
14168341732331832615965171662564146639253713512540
18533884484416354657468448595891011876223035730887
45840698734555251692996996563223690822002800820387
17749826807926714309060725374297846797922509266199
96546227812471523994177080657543800402458883543243
92934621571776011726239217376300794174342859867381
30185357592854669983856323519811244950225817949553
79061856818094941951489988613343781745104818930631
75127777133846193067237702429621967033947260299015
30788667301045378217088947938032708944116965032474
29507425376521602970254676156972837793949396314137
39973237960351978099560786242413017841187478462757
60401051482117858836463501529658630122253610630850
01690770891012671745704180755351489422012338263535
21002124604456405370154375048911264955084635972234
10493015701895769324329549916669752650329861400900
15859695060761010468021030620232582124922447684042
84488162326542550884167159815044342310696502059442
88099214194215404428467658372391272538412068494124
49097034807075968934925588817421985793377536887228
72788717379162512254249790682824366838850347911289
58035002151306402708730829918079891299996110334572
35922076989674025021320957439873359590449866320798
52880730959694780635106447326863491871412854137591
03363352956228804391960811421324683160983050399912
94785960483479823458161167285961505385095879581827
94302760117680970715798484392013362194215967697077
48174631994703358551662607031900041964259420999093
29309848229584943876429141291724732980822168123448
88729098495237469709118902008223285813708689260428
59582256253607665261750009936044945026868844556986
73500678136480237793288510045142430177627475627936
48936931142244419679990808872739753774868124729911
07871679115191664134554756825405658397932853902564
81126028405361325905469852852308081877430359713613
53571290946576008663936141700680790030429916276234
60132730988287429368580435831741314352349089110045
12487723431920695703688701997431785760158036195834
24575862020905663063349445955974717748198221754651
71389010670464519159119813284163208374857829447941
14331413117407949129525547845964601246241055559602
52225183784781291211764330925193959876192908257856
14231761993160064257579744355179418592092230528682
99460914514020943341902195919659654654879269566807
51251137278508082769940208715800082585927058897837
62516836625913652120899245954653031028253745579502
05696425724087136233819560782485248794288583705312
28929286635034123256629282800387931635534849755087
97177091436418241988812605162296734554621568711417
68642059495002615739112133791089772711336154187956
72580812207627233178839841343883622884550712075189
92042291842521236530443387070284743666391507567560
38607083426096832939977132628971140191001166842266
36504761861895572145398386651778601801226378355923
73418920270499530869402608683706829598003730048436
02045262849525014304552203891000441395310594762279
37399967539790889646394459952489928947734826043840
14289220439081552066675357372121979205185750023115
15053308959455911181666744554865163258646974531453
63207670238265842889645701973725149147911006610847
82640495137268650121626653337643411503314511730693
35760078016292218517086182437975183576513992843729
78775470882680348680344989500240908169348031452655
96681990692431895460803717614421810658608398914064
22548868847095114746726672039863927926545934328971
97197405150204673677506652266741413375872786382086
60927453763014335115802210066959507842498322189526
87674101926409952988765192438920591170866267825306
92027501704132533482925029094883526988209286706660
73823567621929294229548487965488132614232982427789
32766743416961844108193849806116990703060203003460
07555431358462898576422694141757291999669095002654
33071434623875137382281138359022995822273005761155
11736604325573882883142843291759318608044869209122
92654075291629431331582425949739174893295329804553
82966200486789864345029683107857321558545501337334
72296317991264305715949566100899004393025954013417
93773265192018626621753709308321152182958139173799
25676149547847637172065427157499530721948755436095
86987488814500706075746562491618421002238264072800
73173656444402166735279167323618139926043014531508
76469087179211162510085847220903568218966734752207
83082009110717046920501458297813147814723875983111
81853967653409637988831678348510981840520932290733
52445315600724078057712198839390003482184141233204
98537730970599925543550880262620738397707359370521
69980142447013667155318106975371659732759571451072
47593362871732565174841453682753739877822933497026
00847898961914436773087857109821652581614516275783
68048702532693519374396812438706894559186592808168
76943487944994690120119865778111959076463275947643
02968682695826362310085268020941893304631559037911
09994650124916792678005908517157955903418160625080
79559526719053668897252862045093802691317780433353
09168496818270777484172845792086752166736726901901
09255564764517313652843040968781574620330437838697
07992393635654795790461828819723529736062140375778
33737749194502118343606348487784061427324000720569
46132632894980132968153650293427431373481995600032
17534783483510801790711689245377801087902799692118
53208404922055630688575779812752363287850271553069
06216050594369262211955556683407347725668798509292
30120094823382894238993197046066279741777376347954
75987769457197817191708416846588804918055477745472
98306200865481950256339022618832549934531951002194
87234438297066990014928681502206116990386814940335
78429603648063089060686330612428966253699232280808
97514532526632356392894153405234910662262218534499
62011881784822542955071404868474775660938864218265
75646384906891171914948941842757198314603092057352
26389724006402471042726847691708675089170209356016
79932315251911251975293638015996728200840866373989
19223329135648120223182653429579087955656025826440
49692509728879843304636357168778280072594772202014
72266530199983729509369866279639177241789502081869
95990092535559059479004231732209568828289795449816
61816240433493843443821156383152626122028469197104
33576923203724171149180327793247486220860642443204
55117518155082609429240352961935231482188925315672
64666562662135416529523375613215332548213334249263
80924463929328178801919477027311989649771512248288
31337513910477966620386124893906673762023551312697
80607720167670252422511585724111078270303742553446
62300585046697345190402199108805439895840563168827
32024029102688119020168461034345808691887623042196
74668711975927177608776299897018060761078797078257
79772701209572599122584421964682076715016612274342
26523574825419639395374341601508591946855498067778
71624465995094230463697696436191149130937289699423
98900985581348673346991551081159606328556706307473
84620644648002019905922121418167269455226788453036
60324635749385759210824144645055850740525918333829
62354632468895844914291878156430776932334644830924
53839691033792332551923990254029561877512005950654
32505382417901299705111579730028250603712072774163
06647001040758941198812116188884615821343614879913
50922860925146022757195895923764651824968642642343
52759275435170491812064535026929157721234853868883
75831306023511730631245052624903355700178154756289
10269381174509416422094767325817767252246653017214
69201999398158212617033223442569998433247324140462
13050577435922372839477417097544581002517714486293
42108246227276275696859051556088874008569526862327
61416960754488492406628128964285349265309294390272
35654465167907164021726466549803937756982465293780
37207855688681988784236297751746216760235855951006
80580931233233092053349861743487635654012574745217
53691215168816701801554267765393218411551151489606
84131698566512190166652173909329269077234924880493
52497895904959642759322909255331593438584045641165
37552093710437725658979476233395288509747677231117
96116005261024211963136397832382975859448238018866
26337351474104638560843503625216537158442392216909
24232730198474516694841082915411113056041932940571
21643937454562320217534573754695341829950297140761
45546330474681053555092778511754771917568122330635
76406580601891100469280636583078243037572669908946
83811135398353732397243423629556314572702216747497
85974563927628856168376461782295404209602691073531
72784818406895771896463637131007390397300850729845
86379265065585754630232083342674355559651938066279
58662616560673810345910778902820318476652726894712
65919689107092848670123687734037328894187117862952
67100605093795042685646863817530159824846662162722
22046949117766374048391807131800342998476017010535
83710271911719782622254873797702314477498272199007
28945696253259393222260009747500438178469117595472
92932898611258206751136246587952640808464708454411
48476822212642969520739443877840964654041289506347
70657265182820324298771735167012578487209761252216
66935602618830296063211035559730972919536159302981
29673820258088734684524605422011172138257070535317
44520925204613815121010139465797338926780814251906
23147812441128604823685374912316373282433907681575
89158262139286886060019218960129094739258900626358
86652299869878690297231063719192573909260795827023
21710760470755997643054947812655536120135560417618
27803108371385238819591859738840130696768552806722
40720906461401728138571147962830465201666410154575
69671854737631756348349450028929203802456747068607
36217572461456091933899629406657756062627350820963
67969888800988380755874228595343767926377595040419
93579788421763984719386433344484269384494164266193
04376322919378559438332541072001911729733056922323
77648003638351287127718887509702867847622314492498
57090454741951860284281910573905921884722082693793
66579622621377289213445659214310592925180497003048
78819528869612357585932659981471862982823096999040
36497010976411361263201043974141295066658636493693
62609724405343919604350305572058587834918911443873
18649432975388510668867577862553404013979597280374
42025830871592983679859456953980007871584109996319
27800926100587577442552278163753662530393006121833
53473892713259960020804934219848583313661170455548
27314618469539992102732522822105679044242461443858
93848714385614547311839724024795186202519604960502
02717747004246669705565391967740154755279644045494
04058684172430707570815401750846730753311594521316
63520689683213793573754053015015482377397819945751
68562539822053285884396847336103831920856289095700
80207553387370457563377095080303819718041239514451
96791425697069966950523594432190285684081311798410
24132948820965240093860339785005065025969562035536
89198060259982305961911932961475978318699293038562
73682522286071567658391965129184344449640636852013
24632678527084685035232612077439653756842932482249
53539135433802983203180799169876797636511411886818
88643511187762181892583234416604659117678271486742
99565402577528075408078819127459691078988292108969
83970186979850072408704934730143728536466132455261
21830805802704691453019219066701449383786054607592
98193875998827616199132221154698227438428959834778
82777715756686823230676905074897483155716789283225
90909736659365615028815095509309875150008979974597
91682235702362946711752114996505182159180175274970
49542925662484320993926230728700229696290662985062
34682675873841039601874245606422913164247276163988
72500922881266502845933269311350844715606278828308
84035945911228272118489470926989938928601794872734
58717427034799013189444859864887496596115444651971
33491157038173017969782819218438285311447240453403
60285437663808941403925728217554801136619921334048
97508382279958611192874647516194942439203709610805
89806590214173318060473746688872219132228842129881
51281247574845213925829649832784790846870424561406
51811583017354850395334299668989778959591185900045
21172961187332978627212108396467034852983854234755
45859763208611863434441115798874981382318788732618
75245079371955380616392702796962636835458985853849
66140475081995059892785250783231017650603446133176
34540217211866084473497743685944965197893470856192
72846835017848336078665755391334337253156629877552
89245581265329464709422181837161465249228849468951
11915488917046600507926291983608413769948861492817
90787375123062385622954431679420723719200551456189
01060871798178405017968336814307174734768236259527
94539739165986825547603464486382590970734429489553
41540528038670729889578195959484791933835224240149
16660083669620495830819849041961511589955852233063
84225684534650500817526199704068211829827784015943
50243185116830240593097266284854391344446338142944
62812931426390599378292334324436169507986896644054
14396503463393639292071964127106638922653898661699
69799161090657537048061802471393433446377434294133
44267797850940449891144480370515747328753662664236
86679426348305108590842470831416103993680861572870
11214188867320721566937634664574472912842203382251
42073112637979605713627117274276412577399491530174
09148297241727802383448998055715445041997776326208
29381538539652499636127028660425939116816158064374
62170783757180329163693328838687340238229444000126
37979926417254402420336566890932568357186213560574
36722509638530324197447111768434170045059991749636
97009734209856936592879993626998481001643444349465
59470120280254613063344087999015116451196734689410
70264927709366411229052392957934221722986030760952
38397058573574375332873827590141787318248071148051
62788914943194342337238438182379410292072348377979
62190745305753877671581479653972102393768273108435
16546902851105184555707357830672307909129654262742
69210255405925933728952767559792240190420392927710
77684056509020801572445142889595388554410380013995
00886859105489122655848330247820740747782742196474
68210409449642442363017157617246423320400618425775
55011775414814854329136647932942898537008990921747
26508806271368857420920877184940780316987727125007
67719247247865375805065943278946186514383898623583
01021948586874999243727589921513674869363707762021
53525283383959153491905851507327412282846094166812
49106516676716560004937788027045521707515009183064
40117801996123605974421533861355690986598684030637
87024876191876002927003969370668503923457092572599
15733159236171087953158598811687143932845365594805
07070628336443974035429506846670285855571088157480
72202032909229009701300829312853484132160647442336
33312142242130608035634641285748023518591256687076
98568822378096283193066353820611017675795268228961
86558844412477103134560424094915941610540477714290
51657543314234566401802464932180059822161133974235
66664377838148599209053699552901311116151072649892
78614299399676555628870663878525453990906728590754
47997257601331010042422808723878735871205784613064
23508291077960769531947515708563998972388360354598
98645152513999559386228665749505913584749379121153
31053205893722686719793741330120002466558204931600
24042177260927861189643825651965808947991029053608
79059009570543700704666043010494450628065725110725
27325865731194462511820358910817628296252550655098
97288985214537337692097051652971279888931382126706
36283277201429942947801221271302786526667074736531
88001703327117880530591280340955425890309490822988
69091811436718357322637453161200850975583047828083
29918905715192623673523429918791137007624196083453
54559394041327807501612151331095063679827006047327
95648457910161768072955064883799997781017078334678
39755335586486556336666426052387241389786332479665
80441766556691796989426213158038563391575848395082
55487683869234324573687507945784488202693142839428
95117530813004812823308800008155577394005302364895
35914472429397044659535642504603534082682042259390
34615960130707375975984000337735234617385978746372
02723202291870153546775805594986322768595617591473
31296794626928218086014122941808247053354267156405
23507953760519432882688233110083588539386562001117
64894347480902230054184198473166173669662824480798
13403661337158937092802855882052336252493012476953
97515379960009317792129391685542640627631588234983
16132531737790848489876047973666931825120240435097
61054288590954021559880653559619284444750453974512
75706752871091679377738557586343292719794858670541
86146780023287243886422068379910387466061739550338
86263202526853327580091764455272351115283609483736
66764515325075912204489581619010554552592575383575
76385743402265768443165470205036627984151037042417
47831879812057044013155259501865979822530362524300
80222155270786423098560519083807769608182020189362
30744060607273746523924137230636499989912998786187
52425514081308701843332271415785775785228067607723
64735908447880437759539567614613023225668966039825
45328498783634164377967642104838367290061814801767
33693598505835196765796396424094414110312976921475
48179925359489608637027918296972990984764879819089
64001358098991276019098519725503468606666051836936
05856135485689057568852098211813920052774734693575
13433562986035391191582821859570414343793845557797
52010729696765913926762029905834947065351477648437
96284126149681007303311931978669545936084724756420
27069718930430902602489211417844249701765444490559
58363031060493105654545495215976844602493511384876
06785153633216677632330112296706080039527518007817
77869864386735151298369147263850628201966065810924
51809756185346277509796894845736279620665147362466
21997919840149430963367149973036017243001375118894
64517927666769909772025621405099390107002364093039
95624335687858927833138411347061633130615902487447
38954662508160417525080516730996340135511254397164
07837577847522977333029200847342089069028280751959
69446263365267836932713153678183480616342152568780
93711021563146804810816393171582349656137602625961
81908837492004954644806283396026767676601465831754
61325828271259948533759676168948773801906942960095
86514421609109786690521448256145042434018155399898
46205609171001983891505276368498126993456126703762
05563682572459897531335377290475642756418592281214
66907134578001578804638251724118455978381274416131
72839636398156099538827673331811177489011692133737
00424303012636373706523529242416112214276987225944
46608709751930298979048403558433983800102985699470
48855452709149769169672039855635173070725816584017
34816979610822120371738609735950344203873809073113
20836789962805795298367334835105817523347801401706
23592403129905685794618459223616480194371883869754
77179684194698647090369458949322200676404215929324
06849609686468294632387796226150489870140041611333
67641272950575554536708284954324170686620112165786
14943027430420312517021380929011607106511179918044
83034753024513669572710671192449709586162392249583
19148806516093282257129734378068024990956012945327
04035966358986524207760453417466751175080276895896
31683796169854291696734736369390692320508986740546
23798003286892664208598267836841684761518746591542
70181867325192634618904848026705987442488689048560
61166257486203762662471625208772053843948510278089
14382116555498362951180852892751612932770222987838
10102654834923936391996642321538326187211214885992
28871848962109873482511445612279960885005287898538
87509501867789273565691935094976425877897296429170
62102452622849544398230108155004304001396726412642
74510310323629551118808808128972860716660871077114
28792602189636841513393843007317162150476411205677
97046655319045710762810411013615873884966188361961
01279475524570458214702538361587198145581037749727
46834213230994063349080065430278298396028791484527
33717195920908149733253221886430184491247372513176
84448507397018467319338369061727333528690736798696
61354499402682792069220227037776116836513533144679
93268602029347766159395835972404019994283017366582
81894905015926343244735883063425940804429609171692
21291221118708624247601755672256093348586781608407
71673336098886786227312454654971039401250399087519
32782396361195900618413184349045782296102785567656
71891908570742580429486380918826955484904838856767
82192043225779129855106089541123471590229246463575
74671815112273568897112042747064913162908411038936
90218753221694615069732652438738707115390000303103
93132124534717892452063497824319922081919418253802
24796646756307460420350866163863089881792540973809
34231198570389745972024581980421574646732887124746
46816512632321036898900440587800510565324346637250
73884666069189629160076851739784513195070424822233
72937957528439450521812808894300694854677272379312
34985500382562995319149430979391437939551998258188
02841885001998603746557172279878129636031699111738
52843889488642268268765996340001408057580672737591
57855342116762857151173617868396360970297094184688
23918290451001951636555791260561392045299685252029
26378805346014727180337246642765838510380811455385
75297103237172405813629971351708206047902818283621
03058772645641767206687108759364005238957553878346
25334971137126093728006312843463418832370446320763
78106845767441904221378720178947205313344469471370
48181949350064051924342793776865791391882700709596
02649958663105158121251234863366834112604212002728
25581493693706685032349760459736499347812546326697
43561131004695867948972444283914304271191887411531
37708780146150664532781578835075930434629039069945
73489076363426211385847765714680023181579733624427
12837737644882158467329118124598649315102987756463
92443175644133178353559565613829857688588927682605
66850245911836340961059723525556302436016456273507
04885873619715419166207772824710996064017503090767
40926469278470563524595814161902116915861222000904
49315084438462944327402982308636418016401792410799
78179061305552600492273344325297036413531036416402
33319314916717540400266901791315116032880972791855
65269083406364631709090184979599876321949085346409
26946999627484552315544138411791071748138984549858
70138511291923219622932270140074458159620911191331
16513001181912998705863984567510136680012645340649
29981346343690636581193705044066230274781966038154
21675212324332060769792000898016135441764105879741
31653727522082562552063618049487093101017412251850
16564593864432601609543110136561805219930832253142
49794572386060378094603529483295703660527152497915
98571731765004395609189258246223518350586172852009
97758467948780222302990895278252590830876758785459
22047185483064137669944831296125010697948176496170
78380067373862920955640988775359353508791244628345
91823366484890802184875322650296278377455295287001
62304067065011004353966767912681740119709562736276
33780752841810724792181982306337067995986417541452
92598020513893290662993604084364071841342348528112
21231454212143130748718893806063599433830186828721
84775495636898684502633824070183322400618981382047
09175533512136497211776674447443325999582468895497
12218353247334035086589914305307822689543192719550
11811004066612648257818243245793757869449834065050
11650883693950953808147611224123953796275571072233
55110239803941019791058117528529862835137892829195
45273072594486057935005915539113568204828297743810
99347101272384614243002150752377763102880002763952
77538375356092188111843994624047505882135977372572
71117817596847983890460970657225379376415487594012
59878138805727259187394910478715588389780714785602
33747771997654803237173257775983992400709359517341
15249164808439057006105728754291128072917731061304
69963786212050277492469475414598935996354109253443
45441724137141121017721528087590434802164606251689
93322004767102493561952228609342916973691954751870
10432839943608490864302960684007505434666927254692
25671145857131382919970970737989759397829626261951
09245418903107366697837131546824594858756322989417
42886552883715411879038082950774936956525761415202
61735812575990842367407784059590103982168702189411
86346107958525520488262765572669996896078397590997
15320222752425915543562087855089665124513736674432
74621057578793607877576618583913450678451037752407
66121427302331924257297519826806589991827281013716
05639965687264350696242526179628766030384363800052
83904695278299702460347580344026508244106651084026
98706612836883027465737098913177252800730707242443
95843796571820173420019235800960770805267948099358
05530392963394793559793334541700033524559440195883
86490574094820933522090464899543498350849023351499
46068481665262528893164428064342168712608284048288
23321118535857525904224435181949561625150512647783
94419468460516263634593263761975640949506197953695
63406388451560783134942941243890774422713356957852
11577770805950862805763429155360938475063580398380
46297972692900742180396972909259285441995335359962
40359294852395332481190238547185463412939351218057
55228753627038064444871927170379311243642040023530
43061035013198104264991105355624279562787624383585
61472518388866543039702596776247131892044271486141
54245859912395804215653038629601179076048937948078
50111462497909146974931988456834958125883714760930
36467415025401448059930531296198316086750395988701
90831043376879102413891254848768014121198601399336
96115469652878940597674671023407086537395398033587
59845682814657914823085461918624100718399935712002
28664240952982237618308270728214931929509545929208
97634995347656971430323934317996166213815821770490
72493801770223550295846722866220087093435766674519
24198005410780643058060201157452876210877457858905
65543247563284112031798015700762414659128456512080
13260231213590409349595802600346119400656036781263
65499231640263439948950403256555803537547297648826
72059583554256836515930418812899823404672927018038
97697251445651328974605002182564598435507109228045
81971041828738020303076777493600802518695854084033
39029362535077848696802113506358521596717872053940
18600388586764917101032175842469525890977214344097
69611706951735834603935864656409341508846218278494
02025364345037816587089688908406383088553279328266
62830122617895353015711926866601876963614514132700
13190391895706370505485332911436987263807973842946
88103710511967173812489449737153032746178187973496
19826693056590748733991891306374660692236736686613
35203542315601193847838561411288648216274547997318
22663926078036886278400566120803561917895589666568
49621411081756021320222665828536365798180970887659
88198251225135222809937208282037906471631394906423
96874911457491410979832241517780132269409270229742
67496928734459488333089832544678946831545081806141
77966740606703882099518222715187167962536102976988
34753704702231630216472660568669198145220124453327
25717612097225874017947872200319476873960886880737
35623438659790692087341784834225852486634940194049
18821164533901169315339468797016603833764489348637
62696634859841215198685208626128040945608459864080
04516593594546975258785412425921601608113862860897
46555145701708838419385653062993907576484638500475
91505028610500208767857685435151668670062230224635
89760445844092583410213205340434257943761260534429
81870527668425034943144881182094133293125012511701
66265222759783635781673226507636128507339518152342
87344597253815619344708868613870715439412265917920
18094172959641707353121880806135955950617324740066
38882956372952186270162990796837272251866861091539
31817848985326838177608710133133265889850469039240
32543568922722379821448587684956563956219214059139
12380889278230553281312069258986655956531469919159
81898813012277045387471840699636335783466726029326
91525731106228832613841679088715246671581752724442
45924188934209160108037242978942095706151502036476
53264434733223616259928620908701166332176804578299
40890942767520384865514524739034961521219240806490
35810670374906883615740831318403624697495738818505
65248625340986762622733350421764985186331125749431
57088919229746572398729194623879178848392083095538
23313518473291261267909115924044031429866743635529
53181348491416530609323589235991475748658085221654
59566357515627553412064466305996562152521596250231
12686491894129434169358863801720347773594707833139
99343808545232750873709577044981756256728996981561
00534986217460828194922003219458034430638781608731
42839620057332065926829452201609424121399155202883
79973891681360172083160414297065277920736239233878
95959764132357355606341495551673638541128023620626
51167630166444406819982940302248657492109213975685
58042977009452813000926382426188940536635352926621
01118461020795171857082271521279957228381005082197
54389263593720551235777511374112123990863600546031
95276985193991445084576000052348134397815954941668
49728744749977708614086841384747904753146001189251
25701600927007347136355529759231976210294844559326
69687734803999270400560186279968135513170216510306
62603480360494226076789074812056420200776857462801
37934985042639237114748872216604125069729613155320
58803534470252478739818488431134126307275241669859
55208369361358458150489336074887493643957183914291
58743716148238178792396372141902593395681745536886
27101284339152257056641309120715838034259484827374
40634233609730181614379377810995676890019249228370
22259254075495075399867121942533270396719168291056
07870801635794414233549971549638702231401360816445
56147906302104708491981546493436648770016183666890
79519472441290186782840211228820778411326411303408
82327655744505989264312154788156535977765548178355
81876163495915363609618286954381266065900934030053
97288971704979342955115518162726864811171648950113
31000373842685359430274057724420307512231621384380
01061000272530712163900072020467837369519446928338
13812049593345516668789206766477923959831298328919
89196813832573765982783168291094514943121016028963
99578800039773202902020622609513107215583206695035
97248907175621809606999057616611204488475433470443
46627798272028182468773939001785098955469559387861
57870227591344722662130655251069117844849977303404
52451042531800339674774219880993694849476299058940
02647410739912681646325386894091100838810581284706
36630679127407323990567838422476245029855000513627
93399555863803614963958331176580692383125509147800
74106059549549996273946749237335187183887660635497
43286143321244270972217151940451533395985690666170
34300392046874266058962726554538151313359886464711
26355385246421651391107687595364696903955048733152
11448311547929183870329383325579866088826118743279
46057415844664713738198421501892530090411486055428
61895218693924586318723643988779924214312587159203
09195609695852966935432631312591693164787663242128
66841336282825790909542948088735639424951858538773
23282970693685083059518371767745576752732691854107
11245575068227348049840537799904431199931375992548
06155540082698703476790666380587982063117722939689
03555804903981405813587399479253306738482403265534
79024518429794880074003302972520268780301471486537
57076820944709624339788965916456160207818547095181
72884114768760169034639277262408971587627373384552
21469414156938337265643664984649287125258417643026
95747224340147115769827816549802488583212737632566
12910926911050995130082712624688155544771483197512
76638201069743437939883884874497490052173311095782
11510961866407494933466360279887087659884473804727
98540789963354261305836994091029441364548366616560
66473425103435540871048838794736053734116193837826
34262121028938027854035836729409072167366174670437
26522628029886604848446484950127404110706791163490
20200625395951480180805578310567225544589219599695
20879370613163155844675362813134516553881079267766
10312684366147702602225288081833943222427135845718
21686252573531295910658711332071231968541934806208
58621371055017327432731080992006702129602037038348
88212757722206273263628077490825939984445006219685
37426892032805257323095626113007201055234431193506
53093810001907215032048938160868745347990239873763
99114351779849800222235025714591854585945853194651
91431284227706011803469162880632473209637156361417
03581848419417159577158696662417003837478400917399
26510222288138961289822046077638900714683006875369
20761112147654475682322266766331679356225687181808
04517221639460669323093555424673251502234441122610
56557281860725833874796795970811461919322637687056
99149207829785674960752307938361724307282905952477
91345634159801287519064265595152895529219989864115
91715820530723524276593395124526794935218691111901
52609990407085238826066432882153688116791385043399
94316630433370093427634594108556013247937162177876
01921243277614189897974420524232670646708457725373
60626185102098616198232051890127043995606772347160
32626644039879407617387247431556967249572193721827
49080651096091034675890138375269271718122746831093
14505567508344569406007364186259762875852583917669
80443558085210847836118844383246231897246253491402
87604514326374291102443893946942896191643142351176
79341530260434334069397796790857326790718990840210
66896098131222972825463023730464647698890601638917
93941809847650826579668251130846792573571761610626
06958326961335921222200059689249420765924553889683
48108788048601333238116781789733662022155248775253
26251413477373256501007796323615273903351267277994
88078517054493507246131706035399396978789205767806
62539691895907670622530535610432553423983387629124
90185315632870136905157004568189346191798171504291
28540946196446744577599833504942847349616826687073
78265984890030395093158403078517792323398553840666
68906383017335968763658870760134138369827399383635
96969585498782442418197113564486484192370031375520
42652533189285088071391863226156006497455918576552
93572214774294743200962473161739371088483750164717
83254242010004674797891844535211091714890639288120
18171722582138549394619881083657565722447895548729
38601969203246358820000396984310744815811521577958
78775147440706076352224132085113647836977856110267
05610848721093099275642847448718739025250146506669
90224220965608198838493672399383722731599591140832
63561774048157704441053190615437297079408178500013
67140092334511455262301138994135555041828876093274
52278364562549479161901615337465378339526597083665
89837172597463975208290294592995900423648962930738
64796354310210138182903735107867350200270632923994
42894319370111964090507595330416448693983984217683
34341071471592567714897965926496195970751838832642
62004642234855853740669290657898982830405317261016
64888004774541028269886557186035417418098110644634
38202398669433850919868896459822302512680182421151
48878330173284137864788100517288707103127362815562
88146255466862834010337955522821908689049542785840
58417218410317275763141096769564473444179499316199
22839002247176375118092930164441860710364959311732
48849615996672234363676936646828607076779509004194
49351867783797184402321473716221139465623972302274
30277510230173808737342305599116013955141440402415
26706304916857596706744010035495763173220972686166
82357096122739806116484467320967300333814012939890
15005534390062994832387172206448087529290528378916
90612178508204426513086802050453482007247242081509
24847594880879565702387305354801558210975169248988
63294541204412965706234581517357606548668435339515
52072033407949952597332221424481821469795083239721
74597694334596021467888928056577797304859842060237
27629663205306881765770457853770420095814850766079
47636364928557671145862776486793582825616162589537
48917733596998113402012438043373049182954095634868
09032027993208834192893565336758400572679454105151
64211276688972522214632358122623074906333276488638
78566705224569473003148907523594751135213849149133
96134706756721154306994131578000266910757416000560
14419081060682119635559854630716132198069818085804
86447575669974547546631493427551382278303882842209
47375803901381193400268979359352170340871345595660
00809890143252445554902264516096221163796555315112
35793229896803959439871136725306659465273682996204
30413273574314501904382091033486040609387173196702
08035658073310201421938976435714127240892032091062
69409957052909393403821172618545657129323267891493
84792363337366274477469259803257328263304766516179
15842629713383110448769206874954576356839379351273
52415933403971173868016864490030161725492712928665
48866992788984263614965093104386621598983710136646
71148638110006796960774509217095701564167948009570
44348124903719580223597733759619038297432692097673
76975409197870534562063429661487239420429550137126
71586151350956531042007510740910872869138983177597
17968850442740972485408792807891985618228187661460
84908112044178839283270740095148198368059125308100
12689175594951782723775568898331344885477083445621
61622492732897971497795438234825173965604537657240
03240648197302883367709753558711416833146714500777
87941408088242922081436635521248424969293354573562
42341913618455014310346886784624002419915608351052
86468250777953227516489363571638818765161034410390
51667887652666246365443203858692461873520181476847
15576698806391483844192699448768532530249126724252
90852085493328460152262226941885186877219458315973
80244400432055505937083022207139045585227930121394
97989869027180799960293702887404682407329515331214
28566589639427180345730371771028379091643622445637
14490658446011704698713658852424502649665656653014
75034809705515983480546586501979968471728236078236
61136749887021574184740183593460823457154707848811
31630669037976950939921879177156754563401927828342
90291736419888956866734233670881616971327394475910
13945727603196929097433445553469805996481109059857
08183918339892617813971327377623869472822106197857
64438539885881834968833410464745802155478354275981
74111972102645136568446205296572071856573358363306
71232244350448389860414482725985217783988397859760
82473661601763810066337713715792937224839138316575
74467352497077370649533563334703386889586696131874
80634870389785402099785430944071091108703290187930
79145725631403651426946243597367220005171839071817
75337109643739426928617767236951595954864864356148
04473907450821485559208086251474037185692730457871
39614433132396604884276700922228391164187235711176
79822112960203136856828173264141095747656361796893
73509464911589484627454476698910139359584596376265
01344999779075071640050983644853973621870362832221
43526461988631206047091158847550375518838953326832
73839961860790361306305663159502160007926960758012
58579086297200870270855534349482994535745150691304
35297365333093211472402274019180252015256210568171
54337151302346482065757848263675965682896006712426
02447439323371073809021737793872488868881484512470
88535005708275799936765936623905465714626634270611
77450461733445041767519648340436122279030920517723
97522599293776099155584096742455177312314841558071
88633024044744698747827183237853710412893191928605
73079773122524883219249111525098091253740797246245
04980072374407262095927140327250766029684973580067
14308721572461211229042983616378370296621291062740
923275500273147806261344831009096538267514