The Project Gutenberg eBook of A List of Factorial Math Constants
    
This eBook is for the use of anyone anywhere in the United States and
most other parts of the world at no cost and with almost no restrictions
whatsoever. You may copy it, give it away or re-use it under the terms
of the Project Gutenberg License included with this eBook or online
at www.gutenberg.org. If you are not located in the United States,
you will have to check the laws of the country where you are located
before using this eBook.

Title: A List of Factorial Math Constants

Author: Unknown


        
Release date: February 1, 1995 [eBook #212]
                Most recently updated: March 17, 2012

Language: English

Other information and formats: www.gutenberg.org/ebooks/212


*** START OF THE PROJECT GUTENBERG EBOOK A LIST OF FACTORIAL MATH CONSTANTS ***














The Project Gutenberg Etext of (some) Factorials from 1! to 10000!

This file contains factorials from 1!-99! by 1's, 100!-900! by 100's,
and 1000!-10000! by 1000's.  The program used to calculate the
factorials was a simple Scheme program, the source code of which has
been lost.


** 1! to 99! by 1's
** 100! to 900! by 100's
** 1000! to 10000! by 1000's

1!
1
(end 1! -- 1 digit)

2!
2
(end 2! -- 1 digit)

3!
6
(end 3! -- 1 digit)

4!
24
(end 4! -- 2 digits)

5!
120
(end 5! -- 3 digits)

6!
720
(end 6! -- 3 digits)

7!
5040
(end 7! -- 4 digits)

8!
40320
(end 8! -- 5 digits)

9!
36288 0
(end 9! -- 6 digits)

10!
36288 00
(end 10! -- 7 digits)

11!
39916 800
(end 11! -- 8 digits)

12!
47900 1600
(end 12! -- 9 digits)

13!
62270 20800
(end 13! -- 10 digits)

14!
87178 29120 0
(end 14! -- 11 digits)

15!
13076 74368 000
(end 15! -- 13 digits)

16!
20922 78988 8000
(end 16! -- 14 digits)

17!
35568 74280 96000
(end 17! -- 15 digits)

18!
64023 73705 72800 0
(end 18! -- 16 digits)

19!
12164 51004 08832 000
(end 19! -- 18 digits)

20!
24329 02008 17664 0000
(end 20! -- 19 digits)

21!
51090 94217 17094 40000
(end 21! -- 20 digits)

22!
11240 00727 77760 76800 00
(end 22! -- 22 digits)

23!
25852 01673 88849 76640 000
(end 23! -- 23 digits)

24!
62044 84017 33239 43936 0000
(end 24! -- 24 digits)

25!
15511 21004 33309 85984 00000 0
(end 25! -- 26 digits)

26!
40329 14611 26605 63558 40000 00
(end 26! -- 27 digits)

27!
10888 86945 04183 52160 76800 0000
(end 27! -- 29 digits)

28!
30488 83446 11713 86050 15040 00000
(end 28! -- 30 digits)

29!
88417 61993 73970 19545 43616 00000 0
(end 29! -- 31 digits)

30!
26525 28598 12191 05863 63084 80000 000
(end 30! -- 33 digits)

31!
82228 38654 17792 28177 25562 88000 0000
(end 31! -- 34 digits)

32!
26313 08369 33693 53016 72180 12160 00000 0
(end 32! -- 36 digits)

33!
86833 17618 81188 64955 18194 40128 00000 00
(end 33! -- 37 digits)

34!
29523 27990 39604 14084 76186 09643 52000 0000
(end 34! -- 39 digits)

35!
10333 14796 63861 44929 66665 13375 23200 00000 0
(end 35! -- 41 digits)

36!
37199 33267 89901 21746 79994 48150 83520 00000 00
(end 36! -- 42 digits)

37!
13763 75309 12263 45046 31597 95815 80902 40000 0000
(end 37! -- 44 digits)

38!
52302 26174 66601 11176 00072 24100 07429 12000 00000
(end 38! -- 45 digits)

39!
20397 88208 11974 43358 64028 17399 02897 35680 00000 00
(end 39! -- 47 digits)

40!
81591 52832 47897 73434 56112 69596 11589 42720 00000 000
(end 40! -- 48 digits)

41!
33452 52661 31638 07108 17006 20534 40751 66515 20000 00000
(end 41! -- 50 digits)

42!
14050 06117 75287 98985 43142 60624 45115 69936 38400 00000 00
(end 42! -- 52 digits)

43!
60415 26306 33738 35637 35513 20685 13997 50726 45120 00000 000
(end 43! -- 53 digits)

44!
26582 71574 78844 87680 43625 81101 46158 90319 63852 80000 00000
(end 44! -- 55 digits)

45!
11962 22208 65480 19456 19631 61495 65771 50643 83733 76000 00000 00
(end 45! -- 57 digits)

46!
55026 22159 81208 89498 50305 42880 02548 92961 65175 29600 00000 000
(end 46! -- 58 digits)

47!
25862 32415 11168 18064 29643 55153 61197 99691 97632 38912 00000 00000
(end 47! -- 60 digits)

48!
12413 91559 25360 72670 86228 90473 73375 03852 14863 54677 76000 00000 00
(end 48! -- 62 digits)

49!
60828 18640 34267 56087 22521 63321 29537 68875 52831 37921 02400 00000 000
(end 49! -- 63 digits)

50!
30414 09320 17133 78043 61260 81660 64768 84437 76415 68960 51200 00000 00000
(end 50! -- 65 digits)

51!
15511 18753 28738 22802 24243 01646 93032 11063 25972 00169 86112 00000 00000
00
(end 51! -- 67 digits)

52!
80658 17517 09438 78571 66063 68564 03766 97528 95054 40883 27782 40000 00000
000
(end 52! -- 68 digits)

53!
42748 83284 06002 55642 98013 75338 93996 49690 34378 83668 13724 67200 00000
00000
(end 53! -- 70 digits)

54!
23084 36973 39241 38047 20927 42683 02758 10832 78564 57180 79411 32288 00000
00000 00
(end 54! -- 72 digits)

55!
12696 40335 36582 75925 96510 08475 66516 95958 03210 51449 43676 22758 40000
00000 0000
(end 55! -- 74 digits)

56!
71099 85878 04863 45185 40456 47463 72494 97364 97978 88116 84586 87447 04000
00000 00000
(end 56! -- 75 digits)

57!
40526 91950 48772 16755 68060 19054 32322 13498 03847 96226 60214 51844 81280
00000 00000 00
(end 57! -- 77 digits)

58!
23505 61331 28287 85718 29474 91051 50746 83828 86231 81811 42924 42069 99142
40000 00000 0000
(end 58! -- 79 digits)

59!
13868 31185 45689 83573 79390 19720 38940 63459 02876 77268 74325 40821 29494
01600 00000 00000 0
(end 59! -- 81 digits)

60!
83209 87112 74139 01442 76341 18322 33643 80754 17260 63612 45952 44927 76964
09600 00000 00000 00
(end 60! -- 82 digits)

61!
50758 02138 77224 79880 08568 12176 62522 72260 04528 98803 60030 99405 93948
09856 00000 00000 0000
(end 61! -- 84 digits)

62!
31469 97326 03879 37525 65312 23549 50764 08801 22807 97258 23219 21631 68247
82110 72000 00000 00000 0
(end 62! -- 86 digits)

63!
19826 08315 40444 00641 16146 70836 18981 37544 77369 02272 68628 10627 95996
12729 75360 00000 00000 000
(end 63! -- 88 digits)

64!
12688 69321 85884 16410 34333 89335 16148 08028 65516 17454 51921 98801 89437
52147 04230 40000 00000 00000
(end 64! -- 90 digits)

65!
82476 50592 08247 06667 23170 30678 54962 52186 25855 13454 37492 92212 31343
88955 77497 60000 00000 00000 0
(end 65! -- 91 digits)

66!
54434 49390 77443 06400 37292 40247 84275 26442 93064 38879 88745 32860 12686
96710 81148 41600 00000 00000 000
(end 66! -- 93 digits)

67!
36471 11091 81886 85288 24985 90966 05464 42716 76353 14049 52459 37016 28500
26796 24369 43872 00000 00000 00000
(end 67! -- 95 digits)

68!
24800 35542 43683 05996 00990 41856 91715 81047 39920 13553 67672 37171 07380
18221 44571 21832 96000 00000 00000 00
(end 68! -- 97 digits)

69!
17112 24524 28141 31137 24683 38881 27283 90922 70544 89352 03693 93648 04092
32572 79754 14064 74240 00000 00000 0000
(end 69! -- 99 digits)

70!
11978 57166 99698 91796 07278 37216 89098 73645 89381 42546 42585 75553 62864
62800 95827 89845 31968 00000 00000 00000 0
(end 70! -- 101 digits)

71!
85047 85885 67862 31752 11676 44239 92601 02885 84608 12079 62358 86430 76338
85886 80378 07901 76972 80000 00000 00000 00
(end 71! -- 102 digits)

72!
61234 45837 68860 86861 52407 03852 74672 74077 80917 84697 32898 38230 14963
97838 49872 21689 27420 41600 00000 00000 0000
(end 72! -- 104 digits)

73!
44701 15461 51268 43408 91257 13812 50511 10076 80070 02829 05015 81908 00923
70422 10406 71833 17016 90368 00000 00000 00000 0
(end 73! -- 106 digits)

74!
33078 85441 51938 64122 59530 28221 25378 21456 83251 82093 49711 70611 92683
54112 35700 97156 54592 50872 32000 00000 00000 000
(end 74! -- 108 digits)

75!
24809 14081 13953 98091 94647 71165 94033 66092 62438 86570 12283 77958 94512
65584 26775 72867 40944 38154 24000 00000 00000 00000
(end 75! -- 110 digits)

76!
18854 94701 66605 02549 87932 26086 11465 58230 39453 53793 29335 67248 79829
61844 04349 55379 23117 72997 22240 00000 00000 00000 00
(end 76! -- 112 digits)

77!
14518 30920 28285 86963 40707 84086 30828 49837 40379 22420 83588 46781 57468
80619 91349 15642 00800 65207 86124 80000 00000 00000 0000
(end 77! -- 114 digits)

78!
11324 28117 82062 97831 45752 11587 32046 22873 17495 79488 25199 00489 62825
66883 53252 34200 76624 50862 13177 34400 00000 00000 00000 0
(end 78! -- 116 digits)

79!
89461 82130 78297 52868 51441 71539 83165 20698 08216 77957 19072 13868 06322
78379 90693 50186 05333 61810 84101 01760 00000 00000 00000 00
(end 79! -- 117 digits)

80!
71569 45704 62638 02294 81153 37231 86532 16558 46573 42365 75257 71094 45058
22703 92554 80148 84266 89448 67280 81408 00000 00000 00000 0000
(end 80! -- 119 digits)

81!
57971 26020 74736 79858 79734 23157 81091 05412 35724 47316 25958 74586 50497
16390 17969 38920 56256 18453 42497 45940 48000 00000 00000 00000 0
(end 81! -- 121 digits)

82!
47536 43337 01284 17484 21382 06989 40494 66438 13294 06799 33286 17160 93407
67439 94734 89914 86130 07131 80847 91671 19360 00000 00000 00000 000
(end 82! -- 123 digits)

83!
39455 23969 72065 86511 89747 11801 20610 57143 65034 07643 44627 52243 57528
36975 15629 96629 33487 95919 40103 77087 09068 80000 00000 00000 00000
(end 83! -- 125 digits)

84!
33142 40134 56535 32669 99387 57913 01312 88000 66628 62420 49487 11884 60323
83059 13129 17168 64129 88572 29687 16753 15617 79200 00000 00000 00000 00
(end 84! -- 127 digits)

85!
28171 04114 38055 02769 49479 44226 06115 94800 56634 33057 42064 05101 91275
25600 26159 79593 34510 40286 45234 09240 18275 12320 00000 00000 00000 0000
(end 85! -- 129 digits)

86!
24227 09538 36727 32381 76552 32034 41259 71528 48705 52429 38175 08387 64496
72016 22497 42450 27678 94646 34901 31946 55716 60595 20000 00000 00000 00000
0
(end 86! -- 131 digits)

87!
21077 57298 37952 77172 13600 51869 93895 95229 78373 80613 56212 32297 25112
14654 11572 75931 74080 68342 32364 14793 50473 44717 82400 00000 00000 00000
000
(end 87! -- 133 digits)

88!
18548 26422 57398 43911 47968 45645 54628 43802 20968 94939 93466 84421 58098
68895 62184 02819 93191 00141 24480 45018 28416 63351 68512 00000 00000 00000
00000
(end 88! -- 135 digits)

89!
16507 95516 09084 61081 21691 92624 53619 30983 96662 36496 54185 49135 20707
83317 10343 78509 73939 99125 70787 60066 27290 80382 99975 68000 00000 00000
00000 00
(end 89! -- 137 digits)

90!
14857 15964 48176 14973 09522 73362 08257 37885 56996 12846 88766 94221 68637
04985 39309 40658 76545 99213 13708 84059 64561 72344 69978 11200 00000 00000
00000 0000
(end 90! -- 139 digits)

91!
13520 01527 67840 29625 51665 68759 49514 21475 86866 47690 66777 91741 73459
71536 70771 55999 47656 85283 95475 04494 27751 16833 67680 08192 00000 00000
00000 00000 0
(end 91! -- 141 digits)

92!
12438 41405 46413 07255 47532 43258 73553 07757 79917 15875 41435 68402 39582
93813 77109 83519 51844 30461 23837 04134 73531 07486 98265 67536 64000 00000
00000 00000 000
(end 92! -- 143 digits)

93!
11567 72507 08164 15747 59205 16230 62404 36214 75322 95764 13535 18614 22812
13246 80712 14673 15215 20328 95168 44845 30383 89962 89387 07809 07520 00000
00000 00000 00000
(end 93! -- 145 digits)

94!
10873 66156 65674 30802 73652 85256 78660 10041 86803 58018 28723 07497 37443
40451 99869 41792 76302 29109 21458 34154 58560 86565 12023 85340 53068 80000
00000 00000 00000 00
(end 94! -- 147 digits)

95!
10329 97848 82390 59262 59970 20993 94727 09539 77463 40117 37286 92122 50571
23429 39875 94703 12487 17653 75385 42446 85632 82236 86422 66073 50415 36000
00000 00000 00000 0000
(end 95! -- 149 digits)

96!
99167 79348 70949 68920 95714 01541 89380 11581 83648 65126 77954 44376 05483
84922 22809 09149 99876 89476 03700 07489 82075 09473 89657 54305 63987 45600
00000 00000 00000 00000
(end 96! -- 150 digits)

97!
96192 75968 24821 19853 32842 59495 63698 71234 38139 19172 97615 81044 77319
33374 56124 81875 49880 58791 75589 07265 12612 84189 67967 81676 47067 83232
00000 00000 00000 00000 00
(end 97! -- 152 digits)

98!
94268 90448 88324 77456 26185 74305 72424 73809 69376 40789 51663 49423 87772
94707 07002 32237 98882 97615 92077 29119 82360 58505 88608 46042 94126 47567
36000 00000 00000 00000 0000
(end 98! -- 154 digits)

99!
93326 21544 39441 52681 69923 88562 66700 49071 59682 64381 62146 85929 63895
21759 99932 29915 60894 14639 76156 51828 62536 97920 82722 37582 51185 21091
68640 00000 00000 00000 00000 0
(end 99! -- 156 digits)

100!
93326 21544 39441 52681 69923 88562 66700 49071 59682 64381 62146 85929 63895
21759 99932 29915 60894 14639 76156 51828 62536 97920 82722 37582 51185 21091
68640 00000 00000 00000 00000 000
(end 100! -- 158 digits)

200!
78865 78673 64790 50355 23632 13932 18506 22951 35977 68717 32632 94742 53324
43594 49963 40334 29203 04284 01198 46239 04177 21213 89196 38830 25764 27902
42637 10506 19266 24952 82993 11134 62857 27076 33172 37396 98894 39224 45621
45166 42402 54033 29186 41312 27428 29485 32775 24242 40757 39032 40321 25740
55795 68660 22603 19041 70324 06235 17008 58796 17892 22227 89623 70389 73747
20000 00000 00000 00000 00000 00000 00000 00000 00000 00000
(end 200! -- 375 digits)

300!
30605 75122 16440 63603 53704 61297 26862 93885 88804 17357 69994 16776 74125
94765 33176 71686 74655 15291 42247 75733 49939 14788 87017 26368 86426 39077
59003 15422 68429 27906 97455 98412 25476 93027 19546 04008 01221 57762 52176
85425 59653 56903 50678 87252 64321 89626 42993 65204 57644 88303 88909 75394
34896 25436 05322 59807 76521 27082 24376 39449 12012 86786 75368 30571 22936
81943 64995 64604 98166 45022 77165 00185 17654 64693 40112 22603 47297 24066
33325 85835 06870 15016 97941 68850 35375 21375 54910 28912 64071 57154 83028
22849 37952 63658 01452 35233 15693 64822 33436 79925 45940 95276 82060 80622
32812 38738 38808 17049 60000 00000 00000 00000 00000 00000 00000 00000 00000
00000 00000 00000 00000 00000 00000
(end 300! -- 615 digits)

400!
64034 52284 66238 95262 34797 03195 03005 85070 25830 26002 95945 86844 45942
80239 71691 86831 43627 84786 47463 26467 62943 50575 03585 68108 48298 16288
35174 35228 96198 86468 02997 93734 16541 50838 16242 64619 42352 30704 62443
25015 11444 86708 90662 77391 49181 17331 95599 64407 09549 67134 52904 77020
32243 49112 10797 59328 07951 01545 37266 72516 27877 89000 93497 63765 71032
63503 31533 96534 98683 86831 33935 20243 73788 15778 67915 06311 85870 26182
70169 81974 00629 83025 30859 12983 46162 27230 45583 39520 75961 15053 02236
08681 04332 97255 19485 26744 32232 43866 99484 22404 23259 98055 51610 63594
23769 61399 23191 71340 63858 99653 79701 47827 20660 63202 17379 47201 03213
56624 61380 90779 42304 59736 06995 67595 83609 61587 15129 91382 22865 78579
54936 16176 54480 45322 20078 25818 40084 84364 15591 22945 42753 84803 55837
45180 22675 90006 13995 60145 59520 61272 11192 91810 50324 91008 00000 00000
00000 00000 00000 00000 00000 00000 00000 00000 00000 00000 00000 00000 00000
00000 00000 00000 00000 0000
(end 400! -- 869 digits)

500!
12201 36825 99111 00687 01238 78542 30469 26253 57434 28031 92842 19241 35883
85845 37315 38819 97605 49644 75022 03281 86301 36164 77148 20358 41633 78722
07817 72004 80785 20515 93292 85477 90757 19393 30603 77296 08590 86270 42917
45478 82424 91272 63443 05670 17327 07694 61062 80231 04526 44218 87878 94657
54777 14986 34943 67781 03764 42740 33827 36539 74713 86477 87849 54384 89595
53753 79904 23241 06127 13269 84327 74571 55463 09977 20278 10145 61081 18837
37095 31016 35632 44329 87029 56389 66289 11658 97476 95720 87926 92887 12817
80070 26517 45077 68410 71962 43903 94322 53642 26052 34945 85012 99185 71501
24870 69615 68141 62535 90566 93423 81300 88562 49246 89156 41267 75654 48188
65065 93847 95177 53608 94005 74523 89403 35798 47636 39449 05313 06232 37490
66445 04882 46650 75946 73586 20746 37925 18420 04593 69692 98102 22639 71952
59719 09452 17823 33175 69345 81508 55233 28207 62820 02340 26269 07898 34245
17120 06207 71464 09794 56116 12762 91459 51237 22991 33401 69552 36385 09428
85592 01872 74337 95173 01458 63575 70828 35578 01587 35432 76888 86801 20399
88238 47021 51467 60544 54076 63535 98417 44304 80128 93831 38968 81639 48746
96588 17504 50692 63653 38175 05547 81286 40000 00000 00000 00000 00000 00000
00000 00000 00000 00000 00000 00000 00000 00000 00000 00000 00000 00000 00000
00000 00000 00000 00000 00000 00000
(end 500! -- 1135 digits)

600!
12655 72316 22543 07425 41867 82451 50829 29767 14038 62274 66076 81878 28858
52814 08231 47351 23781 78027 95619 57107 47652 08532 59806 02248 03240 90378
21647 69430 79502 55780 54271 90628 33876 43826 08844 81246 26488 33262 36083
76164 08122 11711 79439 88584 02578 18732 91903 78896 03719 18674 39433 63062
13959 37844 73922 23185 27825 47619 77172 38892 52476 87118 60001 74697 93454
91128 45662 59618 23082 80390 61518 46919 24446 21555 25865 23740 08493 28072
59056 23896 21046 89731 52258 75644 12231 61801 87743 50801 52683 95673 67444
92820 62313 10973 61944 03547 23718 01286 77530 19556 13572 13762 07959 55886
05599 33052 85691 41571 20622 98005 71698 91912 59592 65404 27596 85344 12769
85006 72486 95582 01930 65790 02409 43007 65781 74736 84008 94444 81832 19124
16301 76666 07770 66758 50821 69598 23923 02740 35517 73864 80656 00492 70209
57328 43492 70885 60369 20219 88336 31115 27988 10927 73926 96562 77681 34466
45651 23841 93015 86157 34286 78606 46666 35005 01133 14787 91132 06396 68510
87156 98466 64873 59501 75189 95670 95847 78064 11667 50534 64625 90471 13686
26473 49666 24342 62426 77175 20473 23142 81064 41793 90418 68653 74118 74230
64985 18955 67426 40111 59858 00356 44021 83557 67157 52869 39746 54538 28584
47129 12699 55890 39329 44483 15746 50026 87021 49708 80805 31004 06398 48094
26956 23586 04940 33480 84970 06466 89002 06251 51696 84797 27515 57642 59623
92136 26916 90898 84609 79427 13310 61018 89563 44210 94082 31040 88897 52954
26584 26917 32460 53891 17849 60000 00000 00000 00000 00000 00000 00000 00000
00000 00000 00000 00000 00000 00000 00000 00000 00000 00000 00000 00000 00000
00000 00000 00000 00000 00000 00000 00000 00000 0000
(end 600! -- 1409 digits)

700!
24220 40124 75027 21798 67875 09381 23522 18590 98338 57292 07299 45067 96649
29938 16021 56474 20444 51905 16664 84819 24932 14566 71497 04984 23275 25093
87481 73438 38393 75763 14592 28450 82849 99722 71274 14016 03110 57830 55846
36363 37124 07933 24478 20739 28110 10371 12665 38753 71807 90257 57791 92731
08262 91690 47504 05235 05506 00840 12219 49289 23756 35136 29662 20200 23178
10961 98180 46179 90689 74504 20548 91261 08705 89088 05650 39135 84562 21103
76932 88782 96090 01950 74130 99979 90359 70711 43627 93390 94292 03286 62604
96375 82546 14277 27555 71000 30077 52906 14147 06395 74390 02498 85149 14264
44986 50064 58873 22695 19418 99545 97033 39103 51588 55923 29408 29569 27698
60802 22200 28996 61283 43931 63002 87892 03382 65474 96034 73516 31476 52627
72257 17115 46867 16862 81418 47287 41187 14793 63495 01653 19745 74556 60413
13450 60491 22044 94705 26233 84682 08886 47906 73309 56929 23842 15611 78801
42749 54905 91414 83623 03226 20024 68164 41301 93484 60802 54998 64732 52706
06104 51208 80587 12293 34986 21853 99243 30905 42995 76381 71880 62472 38195
23260 46426 14329 89407 06361 63753 67209 12327 51612 37834 82738 40757 87356
77175 32879 24251 83371 19540 60294 36094 11629 34900 95660 43720 83673 74010
90882 39297 50312 24612 53124 56426 87296 71705 37477 34506 44331 49245 58119
56047 99014 78736 20955 69251 61517 73711 03997 54730 55185 40663 28420 01472
86578 96286 93652 37870 80206 47632 71571 36441 31877 34327 51007 26310 80569
58251 69381 12809 57243 20246 01571 11778 61747 26837 61623 86970 44575 88005
15803 74956 65069 62577 89308 98095 72579 47107 01639 23823 15281 15579 61912
02873 78689 23893 43351 98508 66593 39172 57143 97527 77075 90597 51198 93450
68701 73594 01696 72561 86471 31071 15016 74736 89926 90116 08263 37621 72346
68896 98408 62517 26438 40000 00000 00000 00000 00000 00000 00000 00000 00000
00000 00000 00000 00000 00000 00000 00000 00000 00000 00000 00000 00000 00000
00000 00000 00000 00000 00000 00000 00000 00000 00000 00000 00000 00000 00000
(end 700! -- 1690 digits)

800!
77105 30113 35386 00414 46393 97775 02836 05955 56401 81601 02391 63410 99403
39708 51827 09306 93670 90769 79553 90330 92647 86122 42306 77444 65978 51526
39745 40148 01846 53174 90976 25044 70638 27425 91201 73309 70170 26108 75092
91881 68469 85842 15059 36237 18603 86164 20630 78834 11723 40985 13725 26504
54025 23056 57565 88606 21238 87041 26402 19629 97102 46868 26624 71338 36609
63127 04819 55722 79707 71168 83526 20259 86914 09949 01287 89574 72904 10722
49610 61519 54257 26739 63224 05556 72735 47868 93725 78583 87324 04646 24335
73359 18597 74740 57763 28924 77589 75645 19583 59135 40808 98117 02313 27622
50714 05727 13441 10948 16402 99405 88827 84778 04423 14473 20047 95251 38318
20830 24277 27803 13321 93052 10952 50760 59489 94314 34544 93252 59594 87638
59221 28494 56043 72964 28386 00294 06018 74072 73248 88975 04223 79351 83771
80605 44178 31166 49708 26994 60613 80230 53101 82919 30510 74866 55778 03014
52325 17977 90388 61503 37565 44830 37490 94401 62270 18295 23033 29091 72043
82106 37097 10561 62583 87051 88403 02889 33650 30975 62891 88364 56867 21040
84185 52936 57276 46234 58830 66834 93594 76527 45594 97543 75965 17336 99820
63973 17021 16912 96324 74412 94200 29780 00870 61725 86822 38808 65243 58336
56234 82704 39589 36527 11840 73541 87997 73763 05488 75882 19943 98467 34010
51362 28038 41878 18611 00503 51878 62707 84091 29427 53454 64605 46748 70155
07249 57675 09778 53405 92980 38364 20407 62990 48072 93450 10462 55175 37832
30082 17670 73164 95199 55699 08448 23307 98811 04916 62762 49251 32654 43125
80289 35781 29248 25898 21746 28482 97648 34940 08388 15410 15287 24567 07653
65442 43358 18651 13696 48800 49831 58054 80286 14922 85237 74350 01511 37765
60157 30959 25464 71712 90930 51734 03672 87657 00760 61776 75483 83052 14997
07873 44901 68444 02390 20374 66330 86969 74768 06714 68541 68726 58236 37922
00741 38491 18593 48771 02728 83164 90554 87071 98762 91170 35451 19701 27543
24735 48172 54469 91188 36274 37727 06074 20652 13309 26862 82081 77738 36744
87881 62880 08019 28103 01583 28210 21286 32212 04608 74941 69719 94877 58769
73054 49220 12389 69450 49600 00000 00000 00000 00000 00000 00000 00000 00000
00000 00000 00000 00000 00000 00000 00000 00000 00000 00000 00000 00000 00000
00000 00000 00000 00000 00000 00000 00000 00000 00000 00000 00000 00000 00000
00000 00000 00000 00000 00000 00
(end 800! -- 1977 digits)

900!
67526 80220 96458 41583 87906 13618 00814 22426 94278 69589 38431 21982 68703
68509 16431 80416 96913 24469 52698 30379 42260 10370 57867 29085 93198 34769
98869 28591 90650 10315 87651 84697 67596 81112 60952 47870 93848 00442 86361
86893 39527 27844 50630 35408 02432 17646 65802 46966 59065 95179 37572 23520
22923 55775 48653 83368 11021 70973 89374 60546 49126 41590 91431 50172 86072
11566 85810 65575 92300 11450 13299 21764 54983 22753 86963 40112 61044 70290
02337 00488 78772 66387 70458 60772 93585 43315 16125 18800 14776 44611 82680
82286 70927 86694 98283 18386 41800 99749 98193 39206 57941 53256 49748 48626
52339 18911 08711 45924 40896 59406 26759 14294 92581 67198 62178 37467 92720
92637 52478 69390 36290 03592 42717 82253 73805 98869 33923 44787 77695 83003
01670 53633 39031 41306 91558 37518 52476 10783 42052 63547 56321 13169 61877
45492 75701 48010 69333 62990 00373 25893 70593 55732 52994 34734 45929 58667
28988 74079 41746 54391 47992 60008 48846 68670 87297 36713 20728 52037 12732
20127 24108 30836 91305 26353 65082 88872 51716 36081 58715 16034 68291 10675
46403 98232 14667 36273 70895 93409 07778 28827 54955 42324 36190 46482 79986
83927 17924 60299 19443 25102 64644 52337 93959 91985 28297 82859 11226 89960
62036 12382 48313 15807 16433 95848 40504 72614 12680 03987 77337 61849 87444
73238 67911 71263 00231 71745 96827 84657 80558 56806 70350 13885 27508 02921
37360 49187 51649 47724 46422 16935 33755 03530 00653 50065 13749 08320 39523
38296 37470 26185 65305 03318 32380 99184 48425 60750 92354 37751 88582 09648
74769 50254 41836 51989 99674 68441 72862 65442 78665 15944 04781 62294 69018
79166 38293 07141 96908 22746 01330 27605 81786 48773 77712 19314 21376 25430
35371 84482 69390 73261 57766 45283 19882 86029 17680 22404 10889 93892 61050
68021 95917 24783 89001 06910 69805 70303 79190 57105 76058 49323 11330 86344
52008 17988 11656 16449 76764 83541 61225 06696 79612 97609 69874 27379 23389
39161 52074 41152 31939 28456 87673 31189 92470 85327 70342 18629 72871 64449
54095 72259 98556 32154 71482 08332 56532 31777 11327 13265 79970 31075 56049
73969 70894 94773 74254 97448 02946 52427 02243 67053 80184 06400 88534 57214
51851 52709 85563 19541 29931 45274 05768 86344 48812 44944 58006 17631 16276
82431 25606 42484 47093 72022 14990 84635 72254 91265 49077 63445 75854 39809
99149 12299 81043 78965 62678 18986 55221 44326 36014 05152 07319 97065 85080
28873 50402 05417 37127 72530 96243 20000 00000 00000 00000 00000 00000 00000
00000 00000 00000 00000 00000 00000 00000 00000 00000 00000 00000 00000 00000
00000 00000 00000 00000 00000 00000 00000 00000 00000 00000 00000 00000 00000
00000 00000 00000 00000 00000 00000 00000 00000 00000 00000 00000 00000
(end 900! -- 2270 digits)

1000!
40238 72600 77093 77354 37024 33923 00398 57193 74864 21071 46325 43799 91042
99385 12398 62902 05920 44208 48696 94048 00479 98861 01971 96058 63166 68729
94808 55890 13238 29669 94459 09974 24504 08707 37599 18823 62772 71887 32519
77950 59509 95276 12087 49754 62497 04360 14182 78094 64649 62910 56393 88743
78864 87337 11918 10458 25783 64784 99770 12476 63288 98359 55735 43251 31853
23958 46307 55574 09114 26241 74743 49347 55342 86465 76611 66779 73966 68820
29120 73791 43853 71958 82498 08126 86783 83745 59731 74613 60853 79534 52422
15865 93201 92809 08782 97308 43139 28444 03281 23155 86110 36976 80135 73042
16168 74760 96758 71348 31202 54785 89320 76716 91324 48426 23613 14125 08780
20800 02616 83151 02734 18279 77704 78463 58681 70164 36502 41536 91398 28126
48102 13092 76124 48963 59928 70511 49649 75419 90934 22215 66832 57208 08213
33186 11681 15536 15836 54698 40467 08975 60290 09505 37616 47584 77284 21889
67964 62449 45160 76535 34081 98901 38544 24879 84959 95331 91017 23355 55660
21394 50399 73628 07501 37837 61530 71277 61926 84903 43526 25200 01588 85351
47331 61170 21039 68175 92151 09077 88019 39317 81141 94545 25722 38655 41461
06289 21879 60223 83897 14760 88506 27686 29671 46674 69756 29112 34082 43920
81601 53780 88989 39645 18263 24367 16167 62179 16890 97799 11903 75403 12746
22289 98800 51954 44414 28201 21873 61745 99264 29565 81746 62830 29555 70299
02432 41531 81617 21046 58320 36786 90611 72601 58783 52075 15162 84225 54026
51704 83304 22614 39742 86933 06169 08979 68482 59012 54583 27168 22645 80665
26769 95865 26822 72807 07578 13918 58178 88965 22081 64348 34482 59932 66043
36766 01769 99612 83186 07883 86150 27946 59551 31156 55203 60939 88180 61213
85586 00301 43569 45272 24206 34463 17974 60594 68257 31037 90084 02443 24384
65657 24501 44028 21885 25247 09351 90620 92902 31364 93273 49756 55139 58720
55965 42287 49774 01141 33469 62715 42284 58623 77387 53823 04838 65688 97646
19273 83814 90014 07673 10446 64025 98994 90222 22176 59043 39901 88601 85665
26485 06179 97023 56193 89701 78600 40811 88972 99183 11021 17122 98459 01641
92106 88843 87121 85564 61249 60798 72290 85192 96819 37238 86426 14839 65738
22911 23125 02418 66493 53143 97013 74285 31926 64987 53372 18940 69428 14341
18520 15801 41233 44828 01505 13996 94290 15348 30776 44569 09907 31524 33278
28826 98646 02789 86432 11390 83506 21709 50025 97389 86355 42771 96742 82224
87575 86765 75234 42202 07573 63056 94988 25087 96892 81627 53848 86339 69099
59826 28095 61214 50994 87170 12445 16461 26037 90293 09120 88908 69420 28510
64018 21543 99457 15680 59418 72748 99809 42547 42173 58240 10636 77404 59574
17851 60829 23013 53580 81840 09699 63725 24230 56085 59037 00624 27124 34169
09004 15369 01059 33983 83577 79394 10970 02775 34720 00000 00000 00000 00000
00000 00000 00000 00000 00000 00000 00000 00000 00000 00000 00000 00000 00000
00000 00000 00000 00000 00000 00000 00000 00000 00000 00000 00000 00000 00000
00000 00000 00000 00000 00000 00000 00000 00000 00000 00000 00000 00000 00000
00000 00000 00000 00000 00000 00000 000
(end 1000! -- 2568 digits)

2000!
33162 75092 45063 32411 75393 38057 63240 38281 11720 81057 80394 57193 54370
60380 77905 60082 24002 73230 85973 25922 55402 35294 12258 34109 25808 48174
15293 79613 13866 33526 34368 89056 34058 55616 39406 05117 25257 18706 47856
39354 40454 05243 95746 70376 74108 72297 04346 84158 34375 24315 80877 53364
51274 87995 43685 92474 08032 40894 65615 07233 25065 27976 55757 17967 15367
18689 35905 61128 15871 60171 72326 57156 11000 42140 12420 43384 25737 12700
17588 35477 96899 92128 35289 96665 85340 55798 54903 65736 63501 33386 55040
11720 12152 63548 80382 68152 15224 69209 95206 03156 44185 65480 67594 64970
51552 28820 52348 99995 72645 08140 65536 67896 95321 01467 62267 13320 26831
55220 51944 94461 61823 92752 04026 52972 26315 02574 75204 82960 64750 92739
41658 56283 53177 95744 82876 31459 64503 73991 32733 41772 63608 85249 00935
06621 61014 44597 09412 70782 13137 32563 83157 23020 19949 91495 83164 70942
77447 38703 27985 54967 42986 08839 37632 68241 52478 83438 74695 95829 25774
05745 39837 50158 58154 68136 29421 79499 72399 81359 94810 16556 56387 60342
27312 91225 03847 09872 90962 66224 61971 07660 59315 50201 89513 55831 65357
87149 22909 16779 04970 22470 94611 93760 77851 65110 68443 22559 05648 73626
65303 77384 65039 07880 49524 60071 25494 02614 56607 22541 36302 75491 36715
83406 09783 10749 45282 21749 07813 47709 69324 15561 11339 82805 13586 00690
59461 99652 57310 74117 70815 19922 56451 67785 71458 05660 21856 54760 95237
74630 16679 42248 84444 85798 34980 15480 32620 82989 09658 57381 75188 86193
76692 82827 98884 53584 63989 65942 13952 98446 52910 92009 10371 00461 49449
91582 85880 50761 86792 49463 85180 87987 45128 91408 01934 00746 25920 05709
87295 78599 64365 06558 95612 41023 10186 90556 06030 87836 29110 50560 12459
08998 38341 07993 67902 05207 68586 69183 47790 65585 44700 14869 26569 24631
93333 76124 28097 42006 71728 46361 93924 96986 28468 71999 34503 93889 36727
04871 27172 73456 17003 54867 47750 91029 55523 95354 79411 07421 91330 13568
19541 09194 14627 66417 54216 15876 25262 85808 98012 22443 89024 86771 82054
95941 57519 91701 27176 75717 87495 86161 96659 31878 85514 18357 82092 60148
20717 77331 73539 60343 04969 08207 05899 58701 38198 08130 35590 16076 29083
88574 56128 82176 98136 18248 35767 39218 30311 84147 19133 98689 28423 44000
77924 66912 09766 73165 14334 94437 47323 56365 72048 84447 83318 54941 69303
01245 31676 23274 53678 79322 84747 38244 85092 28313 99525 09732 50597 91270
31047 68360 14811 91102 22925 33726 97693 82367 00575 65612 40029 05760 43852
85290 29376 06479 53345 81796 66123 83960 52625 49107 18666 38693 54766 10845
50461 98102 08405 06358 27676 52658 94923 93249 51968 59541 71672 41932 95306
83673 49554 40045 86359 83816 10430 59449 82662 75306 05423 58075 58941 08278
88042 78259 51089 88063 54105 67917 95097 40177 80688 78286 98102 19010 90014
83520 61688 88372 02503 10665 92206 86014 83649 83053 27820 88263 53655 80436
05686 78128 41692 17133 04714 11763 12175 89577 71226 37584 75312 35172 30990
54982 92101 34687 30420 58980 14418 06387 53826 64169 89770 42377 59406 28087
72537 02265 42653 05808 62379 30142 26758 21187 14350 29186 37636 34030 01732
51818 26207 60397 47369 59520 26426 32364 14544 68511 13427 20215 04583 83851
01013 69413 13034 85622 19166 31623 89263 27658 15355 01127 63078 25059 96915
88245 33457 43543 78636 83173 73067 32965 89355 19969 44582 36873 50883 02786
57700 87974 98899 92343 55556 62406 82834 76378 46851 83844 97364 88739 52475
10322 42221 10561 20129 58296 57191 36810 86938 25475 76411 88868 79346 72519
12461 92151 14473 88362 69591 64367 24900 71653 42822 81526 61247 80046 39225
44945 17036 37236 27940 75778 45420 91048 30546 16561 90622 17428 69816 02973
32404 65202 01992 81385 48826 81951 00728 28697 01070 73750 09276 66487 50217
47753 72742 35150 87482 46720 27417 00315 81122 80589 61781 22160 74743 79475
10950 62093 85566 74581 25251 83766 82157 71280 78614 99255 87613 23529 50422
34638 78789 54850 88576 44661 36290 39412 76659 78044 20209 22813 37987 11590
08962 64878 94241 32104 54925 00356 66706 32909 44157 93729 86743 42147 05072
13588 93201 95807 23064 78149 84295 22595 58901 27548 23971 77332 57229 10325
76092 97907 33299 54505 63883 62640 47465 02450 80809 46911 60726 32087 49414
39730 00704 11141 85955 30278 82735 76548 19182 00244 96977 61111 34631 81952
82761 59096 41897 90958 11733 86272 06088 91043 29452 44978 53514 70141 12442
14305 54860 89639 57837 83473 25323 59576 32914 38925 28839 39862 56273 24286
27755 63140 46383 03891 68421 63311 34456 36309 57196 59784 66338 55149 23161
96335 67535 51384 03425 80416 29198 37822 26690 95217 70153 17533 87302 84610
84188 65541 38329 17195 13321 17895 72854 16620 84823 68281 79325 12931 23752
15419 26970 26970 32994 77643 82338 64830 08871 53037 34056 66383 86829 40884
87730 72176 22688 49023 08493 46611 94260 18027 26138 02108 00507 82157 41006
05484 82013 47859 57810 27707 07780 65551 27725 40501 67433 23960 66253 21641
50048 08772 40304 76119 29032 21015 43853 53138 68553 84864 25570 79079 53411
76519 57118 86837 39880 68389 57927 43749 68349 81429 23292 19630 97770 90143
93684 36553 33359 30782 01813 12993 45502 42060 44563 34057 86069 62471 96150
56033 94899 52332 18004 34359 96725 66239 27196 43540 28720 55475 01207 98543
31970 67479 73131 26813 52365 37440 85662 26320 67688 37585 13278 28962 52333
28434 18129 77624 69707 95434 36003 49234 31592 39674 76363 89121 15285 40665
77836 46213 91124 74470 51255 22634 27012 39527 01812 70454 91648 04593 22481
08858 67460 09523 06793 17596 77555 81011 67994 00052 49806 30376 31413 44412
26903 70349 87355 79991 60092 59248 07505 24855 41568 26628 17608 15446 30830
54066 77412 63012 44418 64204 10837 31190 93130 00115 44705 60277 77372 43780
67188 89977 08510 56727 27678 12471 98832 85769 58442 17588 89516 04678 68204
81001 00478 16462 35822 08385 32488 13427 08340 79868 48663 21627 20208 82330
87278 19085 37884 54691 31556 02172 88731 21907 39396 52092 60229 10147 75270
80930 86536 49798 58554 01057 74502 79289 81460 36884 31821 50863 72462 16967
87228 21693 47370 59928 62771 12447 69092 09029 88320 16683 01702 73420 25976
56717 09863 31121 63495 02171 26442 68271 19650 26405 42282 31759 63087 44753
01847 19409 55242 63411 49846 95080 73390 08000 00000 00000 00000 00000 00000
00000 00000 00000 00000 00000 00000 00000 00000 00000 00000 00000 00000 00000
00000 00000 00000 00000 00000 00000 00000 00000 00000 00000 00000 00000 00000
00000 00000 00000 00000 00000 00000 00000 00000 00000 00000 00000 00000 00000
00000 00000 00000 00000 00000 00000 00000 00000 00000 00000 00000 00000 00000
00000 00000 00000 00000 00000 00000 00000 00000 00000 00000 00000 00000 00000
00000 00000 00000 00000 00000 00000 00000 00000 00000 00000 00000 00000 00000
00000 00000 00000 00000 00000 00000 00000 00000 00000 00000 00000 00000 00000
00000 00000 00000 0
(end 2000! -- 5736 digits)

3000!
41493 59603 43785 40855 56867 09308 66121 70951 11919 49318 09917 68946 76576
97558 56512 35319 50086 00076 52178 00342 00751 84635 38361 71184 95750 87111
40459 07794 55340 21610 68339 61162 10379 04199 17752 20626 63390 17968 28051
64719 69749 59688 42457 72876 60971 03003 72611 10953 40241 12711 88331 57738
81532 84389 29737 61302 11063 12930 37440 14853 78725 44607 96102 90429 49104
97938 88120 76251 16251 32917 00464 16689 62117 59020 35751 75488 98065 35778
68915 28509 37824 69994 67469 91908 32093 51106 83638 24287 06352 22685 44339
21377 51504 88588 10403 68188 09099 29291 24971 41900 50893 89944 04715 35147
31545 31587 44150 99601 74267 87508 74603 67974 11707 23687 47277 14398 89206
83691 61850 36081 98459 71809 37844 53523 95850 53776 11086 51116 23631 45920
88610 85574 50874 51394 53054 36213 71189 81508 47192 09442 63742 03275 02999
63337 84944 01477 56714 14680 82420 74999 14714 87835 96697 20638 95467 05899
60178 56948 02633 88767 11287 10680 04950 82740 07171 24819 47638 64013 69193
54435 41203 12786 60143 47925 49959 14353 01206 53103 40662 55032 31020 73835
15021 95103 14867 36123 38739 39509 65514 62159 34901 57899 49944 07231 10044
26924 83814 01414 55487 87273 80458 56023 56158 32043 17945 95305 58306 93351
24689 07212 46151 46848 53087 24031 26796 70891 13548 98273 34753 75756 89936
51763 96424 78173 34625 10879 01574 34373 98920 49226 70983 17033 93210 71763
43983 35244 45760 40476 56540 04144 14699 47998 43545 54597 79938 67028 39428
51341 31889 13165 69531 08485 13525 09400 61477 74047 00733 14065 41794 42800
44366 91903 68546 92708 57271 70164 80115 12057 45244 86079 68773 78480 36606
53009 10981 56390 91294 11063 37156 21540 90380 01350 58671 62426 23339 02434
16662 87165 21228 59027 45688 33504 89792 68693 69792 87837 68948 41436 57386
64369 55075 47396 48822 56222 18338 00146 00761 19685 92176 03234 80846 74552
16330 41173 80043 31144 22592 62436 90558 78291 49079 73885 75878 45857 39828
69539 03023 83837 26588 24276 54306 43751 77578 97215 04507 13618 01730 05162
84244 76294 22748 57556 27828 76349 87671 95281 36891 35839 18824 49928 47415
91683 13033 40321 99946 75208 29148 85764 34586 38323 13545 20507 59559 12062
06727 32969 51386 12299 46586 07527 31788 44524 49865 34816 41692 38844 88906
14958 50934 37344 28898 14884 42732 18171 31272 53389 15345 06581 14382 33812
05875 37980 86050 80889 76175 38828 96252 93363 37504 54549 16860 02672 29591
22552 88545 84482 68665 53243 13011 35375 48124 09561 23768 60780 07700 70793
95418 48907 14946 73778 54407 52830 78729 88103 91294 51219 29864 79370 34512
57436 44558 14597 57140 82270 59863 25165 35290 65845 71123 58527 02119 33452
98110 55683 98809 88409 49803 46185 07802 52730 38736 78404 21694 27237 98046
43042 50045 03080 66370 32760 01634 19214 42805 70880 24308 50567 89210 86469
77455 13953 91198 38636 16719 03002 78146 38013 69324 82332 77159 51805 96193
06950 42378 36082 62057 08872 09297 92979 74294 04576 87733 83198 77444 68554
42948 00321 74105 66894 23710 54502 88704 19611 91507 27390 00031 64201 44742
13323 29387 16180 29555 61400 46028 67400 42288 53898 54650 32802 84285 15122
29602 87957 41801 62182 32360 98320 97144 10470 12533 06731 48961 53236 78873
49845 53949 60439 70503 52347 76621 13959 14519 27042 21222 31426 99869 20874
63520 98068 62243 54813 37619 43951 31942 86811 34865 31562 22817 32149 76481
70538 18461 55326 59618 75302 96478 60116 08722 63640 44392 22576 01926 49461
09168 85151 01314 39455 74398 30319 25571 54162 15144 24691 22370 51914 90978
61849 43615 09631 09933 63959 45617 96593 39685 19586 05338 63117 63241 47066
84225 71923 94742 53172 64795 59749 99328 32472 79807 89647 07530 54014 19409
02006 09712 67475 31863 65525 40321 27577 57853 93069 75300 56595 20820 74574
99471 89814 44537 72248 20788 84433 35118 54560 15688 53708 18289 28952 18300
13965 43769 47286 41877 66657 62815 38973 73401 59410 54368 14354 37346 13424
46920 67070 08278 24236 45557 45088 25566 70157 24275 28103 17141 64063 14106
81384 33092 40272 81318 96088 48130 40665 22616 95528 25637 18386 24649 44295
68885 93938 46726 72369 41994 75571 32054 60182 63425 73102 91153 53532 72880
81827 73021 59678 70884 37293 41211 70845 11580 62996 76972 66601 66363 52769
59969 02150 21221 04954 25956 72785 93185 51626 84471 00374 43462 04220 03535
39120 37383 93095 42069 50214 86207 39065 31909 10821 34433 42514 97896 28423
61985 71674 77384 81260 97443 05503 62508 66354 72073 09712 98084 69719 65377
22779 89316 02005 60725 05800 75124 07494 44816 33922 14398 11849 27482 81978
65517 84785 47749 19871 41384 85042 29038 39540 90570 84203 81372 77135 66770
35650 41081 78052 06950 32136 23352 16927 40531 01534 09217 61834 07881 77356
74646 74907 16166 00653 23043 89026 39786 06550 90053 09872 43544 56893 15601
32994 24071 12295 01545 37715 21051 94244 55127 95364 97121 48722 22193 72928
91598 33001 74239 79775 92530 50131 88378 83494 88423 22225 07318 81639 94389
35627 81710 28754 32588 79455 88577 42780 39071 71663 81257 90379 81491 48445
52688 58716 29931 01451 07332 15554 77326 45760 35916 18429 87083 23237 56883
79171 35073 00602 67382 92294 68708 10307 51946 02037 64381 38677 10733 37793
12582 25735 64355 34577 16280 40304 80925 78590 97472 33413 93290 40722 39860
00544 82692 96110 39364 01275 39539 89939 74200 21925 26892 86225 64959 27913
63695 46983 24731 44940 94297 49421 32087 16963 66281 29638 46191 37811 46092
10701 03301 21199 34264 94166 64491 30310 89849 35353 66401 83128 26831 12506
57838 64259 06537 19701 09072 76429 33053 47512 97336 71692 94150 47870 94924
17781 21534 97949 94497 32358 44513 02100 29720 35999 35765 07730 56369 69505
39990 89125 20048 10120 09056 96331 44368 17919 42479 63563 38910 24862 50773
36724 93998 01723 45162 70488 50149 43834 37358 26440 05348 14749 57421 32887
36484 79589 55384 38363 78275 60143 33777 98816 12685 44624 06494 13441 61191
08952 65332 67616 27660 22113 08792 11665 92437 94965 34838 03023 60642 94981
98554 10143 11566 60173 95185 39426 00867 31985 64586 68463 54427 30180 02229
26075 89767 19219 83675 29528 36515 87155 21887 69831 79990 05853 12151 86910
37776 67688 36542 91247 41982 60994 34535 67152 94128 23837 61211 55556 86210
45458 38103 55154 40495 37184 70726 36321 85327 75486 50181 10026 21331 22842
98609 26112 15957 30660 23932 07747 67428 00909 46267 43221 38805 29064 30677
11276 96401 37359 06251 05105 06235 68241 31765 15330 30775 35897 51345 65147
42416 74015 17470 72083 91018 69989 99327 93649 10892 68792 47397 05814 15285
55439 65954 22260 39190 59265 82563 73446 76406 35952 58389 66981 51198 39598
86603 68375 30420 17990 32818 59455 69412 55051 90663 02854 86953 33776 82984
60003 18080 93822 13003 81022 14387 05746 11813 04251 96191 64059 70456 03518
31217 08151 65864 73565 56540 53292 84117 48628 95708 28567 92300 05352 58463
77061 28059 14520 35546 38993 21278 75906 34962 78379 75871 35258 86182 13252
26357 70383 96202 73738 53249 08353 68049 79900 85701 52248 33034 39525 19734
46533 42994 65256 52360 96742 83455 05237 39733 90237 42618 08871 79928 37222
85366 29343 92408 95762 91315 44421 06573 60920 54818 42139 36589 38677 15542
84247 72751 00166 73435 77430 93638 94844 45647 64377 18407 38743 79471 00786
71510 70449 55465 76262 81566 13755 07307 63768 08060 00318 44296 23397 78082
33311 35978 75771 36983 01281 75716 25671 68328 72815 11937 33668 57894 37109
09774 85812 22868 12682 41223 17272 68118 49752 07863 45310 74953 31708 26015
31594 40253 64536 55244 53587 95203 47452 13429 24891 66445 04804 35535 22819
77721 98197 18690 54884 17689 63987 82704 78206 61269 21472 54861 82478 59626
43427 91902 74503 45299 47693 67997 21728 51654 65591 79947 17890 67885 68727
85744 70084 28972 37782 34763 08074 09195 12966 23834 64278 39653 86501 73246
65850 19214 40916 94630 37126 55811 97700 77468 25620 35198 31878 29135 91013
99781 73036 35173 76470 67143 83992 81029 12244 60848 32051 89832 48348 85513
10255 39721 58318 49316 53670 73227 31729 95431 75077 54756 34748 12732 09566
55431 85187 95869 78172 49172 17008 65768 09890 83278 30838 24043 77379 74455
34252 56887 12898 85551 31809 67012 49785 94542 90609 62737 05906 59970 78417
27384 20721 60557 67890 60565 16769 45654 90120 38816 57758 61939 23092 43629
83389 54985 72798 74523 39809 04998 58467 48485 03995 09109 39883 42104 24693
11361 78759 78611 80309 61087 74362 76499 04146 55167 54550 76136 65725 91499
33761 14340 24376 29102 90384 13588 85313 12591 13254 48492 25896 00718 48511
69390 19398 54346 49415 48378 23383 02531 36877 59900 05443 72233 29014 62568
18409 59988 30522 52158 53285 99833 99033 65954 18932 69668 01632 65899 35823
46632 47080 32402 04297 91357 42575 54985 49372 89619 20916 50794 67199 71214
39832 58155 39458 35125 64801 08898 86887 05688 27112 22628 73403 57724 18424
80323 11730 27338 44222 06040 15609 24207 95694 93204 94380 94024 65562 53030
33288 24165 30203 80060 41288 44438 48841 89129 39398 59717 65670 21150 16113
40121 16935 55358 64984 80294 15632 38279 44757 63150 42685 73426 98631 16562
80093 21645 78165 41041 18990 78396 21075 86051 45091 52652 84224 33647 23088
04690 88426 41252 51265 84729 13405 91951 71754 29115 26220 02229 75698 69279
59124 62096 43630 57052 13309 92164 22258 43765 18891 93630 32985 12232 82950
80612 62005 73565 55421 31835 55838 28931 81387 95940 96230 37927 77230 34442
34323 41561 60355 85905 02324 47527 45026 30869 83141 41253 96371 75441 36118
97269 15865 07167 22308 08343 52955 78401 08723 60273 47001 11878 61462 33185
43943 10570 58483 77047 48060 35004 55688 50206 02730 22225 63976 30738 93998
50249 78155 18267 99169 94164 14554 03299 09813 19050 66543 58156 65769 15290
68908 18620 41384 44091 45635 52912 42064 90171 74364 30473 45519 13759 22914
95328 29881 51808 74007 67334 86997 69532 28714 50791 58444 87039 80405 73767
35557 77873 59393 78915 77147 95602 33407 08456 39231 41701 18392 55523 46181
19775 91567 33859 55919 26527 06240 63734 27776 02158 46511 03536 80579 63320
71489 69426 63358 57037 53058 29676 60822 42084 65464 55855 66678 89222 62761
99902 63961 79263 74578 51652 54091 87566 08543 85966 12219 44248 72042 49600
00000 00000 00000 00000 00000 00000 00000 00000 00000 00000 00000 00000 00000
00000 00000 00000 00000 00000 00000 00000 00000 00000 00000 00000 00000 00000
00000 00000 00000 00000 00000 00000 00000 00000 00000 00000 00000 00000 00000
00000 00000 00000 00000 00000 00000 00000 00000 00000 00000 00000 00000 00000
00000 00000 00000 00000 00000 00000 00000 00000 00000 00000 00000 00000 00000
00000 00000 00000 00000 00000 00000 00000 00000 00000 00000 00000 00000 00000
00000 00000 00000 00000 00000 00000 00000 00000 00000 00000 00000 00000 00000
00000 00000 00000 00000 00000 00000 00000 00000 00000 00000 00000 00000 00000
00000 00000 00000 00000 00000 00000 00000 00000 00000 00000 00000 00000 00000
00000 00000 00000 00000 00000 00000 00000 00000 00000 00000 00000 00000 00000
00000 00000 00000 00000 00000 00000 00000 00000 00000 00000 00000 00000 00000
00000 00000 00000 00000 00000 00000 0
(end 3000! -- 9131 digits)

4000!
18288 01951 51406 50133 14743 17557 39190 44217 37771 07304 39219 70645 26954
20895 97979 73177 36485 03702 86870 48410 73364 43041 56928 55717 54672 46186
15435 57333 94261 56179 56996 71674 52848 31597 31749 88187 60937 48280 49804
19576 51294 87206 10558 92812 97880 97800 62059 34295 37705 32674 06244 53884
28509 17439 51756 74614 44473 62378 72246 94361 94575 92957 99001 14212 97336
06589 98073 97771 46972 61205 04866 37259 36337 49040 40660 97966 63717 02540
21348 80094 42803 42285 35594 66496 81316 26016 34597 43803 57717 59033 94733
17007 68417 64779 08216 68911 84529 32423 00334 14145 49780 18325 98218 51840
65522 57097 39253 00245 82738 98291 91044 06782 16870 88714 95603 50190 58673
99966 29879 85348 77747 92317 91957 91416 50440 80548 78974 77030 86507 07120
87883 76249 86576 07334 04494 14854 57836 73833 01715 70635 81941 27400 84985
56040 80473 30519 68334 82408 07942 09642 75187 53888 91152 96655 52239 77239
24887 15462 48106 59788 32100 56205 58369 60477 86579 04771 91838 80543 19251
51398 19542 96741 68844 72461 85021 25040 22250 10116 43301 68185 88036 69018
01776 91461 77971 31043 01640 39570 82747 34701 18677 27569 66064 61102 36565
28765 13873 57041 90876 20069 71458 04692 12523 68210 66805 33717 52206 05745
37755 74525 92208 65393 98532 78523 84144 83140 26548 80230 98603 91087 93978
32189 46129 58264 79284 30739 98555 48838 06198 74983 16336 40196 21120 27560
86016 03917 16077 44078 77687 62196 61603 70275 94548 87945 24760 57492 05543
46409 58836 64514 96029 38732 44842 40980 38014 80566 60012 44152 93789 83149
63095 54117 11388 85615 69494 31492 61344 70477 51351 64165 60102 98405 87519
06208 86557 01836 83850 79131 73957 02861 35082 14646 53600 46944 32790 77733
97856 87114 04244 77408 95092 16727 92251 06609 41411 71641 24674 43445 41400
11889 15966 54728 37739 88670 73979 28188 97314 76208 25689 14041 95221 17791
94055 31140 52591 58538 93238 87452 92324 38682 68301 35904 88647 22922 89993
84848 22892 54307 62846 76145 23292 51922 26876 89180 21978 83771 84005 24629
08967 03260 52491 03621 36627 32113 59765 15358 52815 01437 96798 11683 62630
53229 73397 16122 75184 89613 95396 13129 32900 84492 14723 19670 37891 19820
97120 59221 95513 91554 68147 04778 68237 34877 18946 56082 28116 23038 85388
70543 57316 29062 23784 72322 04531 66394 18491 79851 70772 75839 63752 54276
01452 96183 56744 84434 49888 56988 40692 46855 08257 65131 61092 59665 85339
56185 44561 54229 04829 57422 74725 12621 87997 45448 03139 18262 95221 11438
18906 00683 20844 15580 88271 22861 80065 89059 44410 88066 52992 78785 46344
97487 15867 57709 83422 61093 65906 00627 17050 09724 81399 44414 53985 22756
87062 60972 50230 22919 57992 77299 92184 49547 15690 88324 25535 69256 65713
25156 63544 93183 03933 17518 82898 64439 42138 97160 91426 21397 64680 83518
09694 60373 48729 77984 14800 26999 65137 87044 81998 66167 16294 92564 35040
41614 68868 23942 14445 91051 75033 48839 58699 10405 20752 13290 16842 67316
85638 37531 51891 83396 27724 06615 29336 27236 73056 11554 18227 88867 35139
37454 50810 38261 02827 70612 15603 30906 01640 41624 20051 37331 36545 70111
10200 33195 77878 50221 69191 70112 07460 87228 52376 79994 31915 90480 65162
39580 62982 82945 20352 27119 03650 24265 83752 51219 98240 89725 61171 10591
53935 43441 89851 09241 40413 50690 47109 52751 47306 48502 06463 04313 71185
92252 30369 41621 02639 27838 13435 54019 58005 31988 64543 03447 45298 84564
00170 82732 62324 88384 73771 60347 83363 26662 57921 91376 01422 63205 76487
58807 93523 39155 27562 81794 23786 75243 91988 68000 56209 43473 14076 85691
94232 70924 64101 13625 47954 99159 35110 35427 47723 43454 44363 66313 10499
63736 61654 98946 54981 80892 71646 28050 42227 03822 21047 84062 62602 74801
51567 37784 18213 16292 09529 56863 68619 30041 78633 27530 76430 13230 81902
43597 11659 25163 51322 55111 76258 91947 16734 37553 32093 49169 10573 99902
09660 87207 66313 38715 16530 39178 75357 55420 34817 45199 54013 01599 91933
35205 03257 11764 60105 00571 61153 05748 66936 46826 75265 01431 02232 71762
80762 02428 05617 43559 49278 90676 40895 30573 84890 71968 12258 40400 39669
81556 24793 88881 61565 85043 60478 29617 04971 39776 49594 04751 35844 58569
14581 95718 65335 73207 69035 58941 50776 64772 79941 56425 64195 37555 17727
96548 60966 75384 22223 23441 85537 27988 87805 70854 09208 42219 93660 76115
47883 59777 43979 84908 51148 03127 51237 59286 79322 46601 88593 76889 72917
49180 35729 71856 50430 73506 31260 35278 32174 96299 95702 20011 57223 86600
04677 28830 18963 16627 34637 15186 81254 33561 73550 34123 33101 75600 81777
14471 70656 51750 53852 58772 06906 71396 65478 50626 38983 80526 39438 82180
36388 76899 91615 38645 43293 21164 71146 39256 29922 04259 45088 92919 28261
78053 19256 18148 31115 12590 88519 86978 76379 13607 86607 99208 30781 43327
52984 68534 24859 54714 85354 42079 40898 54693 16764 43201 15900 40444 44712
66030 94274 63760 74187 98280 98572 92874 38282 97343 06879 42030 87830 10740
78476 71558 94363 03318 61291 83748 69837 35992 93267 79562 06900 03900 34854
21405 53208 24477 11655 93739 11736 94524 74295 07544 51694 88356 55010 08544
23929 03096 71634 01348 22350 36740 45821 83452 67108 30392 52095 54788 59202
30317 53098 15706 25959 24161 30388 77053 54495 70146 58616 19542 89529 23420
93424 32075 46126 11732 46383 18070 28621 72009 62482 88525 17861 21400 82429
44903 16246 48169 39278 64521 06564 31141 65301 92247 83906 03806 28180 06434
25849 19527 05341 70878 12317 67324 02654 41652 40012 43145 79955 65227 33191
20562 16396 14127 79269 32316 78363 18998 33106 81049 28900 45890 94729 47317
94016 38938 53482 94079 36092 17575 89715 69809 84916 12254 89820 37875 46124
09105 78623 87229 98744 21317 38499 76439 10624 22228 39573 60997 51277 88066
12809 09246 36967 47923 26056 95222 05088 61243 87564 24828 08175 79330 37039
33394 19122 48321 65950 38833 79316 26643 33991 31920 88808 75361 90303 86928
80834 99317 33881 03669 04985 13779 58780 17644 77865 79135 14202 22949 86073
82289 95728 06576 34592 83625 09694 46785 93378 34999 02113 17403 35832 73676
77358 88237 70959 18185 84044 13460 45760 43558 00639 18587 95688 80861 27034
55806 41548 32456 09822 46645 32422 11458 36537 63989 53455 98016 83261 11373
11620 39500 06872 92246 61509 38226 72864 83841 86754 23039 55164 21339 16635
36072 74996 65907 37898 40814 40926 99675 79679 31657 75891 42999 24919 55485
86063 96295 42416 95575 75651 63223 82787 41933 21274 11993 86187 09482 02062
77490 94917 47375 43463 20653 16569 01298 09741 80688 32467 64053 96671 72535
21140 01080 14099 98318 49447 05312 19051 92035 47525 56183 47837 82383 98583
40276 53379 23843 16774 97383 55049 63671 45298 40534 14595 03765 98809 45929
48191 92486 09620 05036 52538 83541 76130 02983 93363 44770 53826 43881 47912
35363 93444 09528 35213 24080 65438 02505 24144 59009 81152 75384 37786 34021
30083 22933 32432 47340 00401 09754 28182 89506 25464 33140 91519 61292 31928
78635 35740 38244 57711 28522 34353 30549 93071 87252 45641 27962 30629 82185
21662 30420 66100 10638 48846 11503 61786 15183 25951 82055 01321 02380 35059
47347 98414 17644 44506 65502 17093 99474 69595 65730 46320 19968 45756 99957
50319 50401 33138 56886 83576 88342 92892 74419 20281 61012 39071 81777 18536
12534 62008 88580 74904 09523 94064 71009 09885 17960 38360 10124 30537 36361
34664 02118 72570 37544 13192 61567 13123 81686 52234 86418 23596 67285 53691
38411 22976 95600 98929 70909 40917 88659 28472 05669 19045 71596 96145 86468
95132 97258 90120 90613 88758 44360 18692 03894 74759 32753 08526 81065 07554
39456 72016 54757 93095 72246 29573 40194 86771 57237 82500 55402 82635 83989
55090 19254 24025 69164 22227 59003 26850 03087 32001 72326 58420 68120 96813
89364 17485 40343 19152 11170 62465 64733 89655 16362 71748 41162 79204 66475
47242 12430 33805 49205 25422 37647 09125 25778 11952 37624 48368 44025 67357
09362 16945 53920 68757 30684 12018 77796 64758 45150 86787 86539 88715 49667
32995 69221 25442 07529 45753 49368 53900 66352 06651 02592 27858 12101 92104
84601 65948 46265 52500 03942 64201 94631 54926 67174 67048 94545 76610 99372
20636 68720 93694 96983 08641 68443 70464 85292 90604 03682 18708 94719 48829
91333 82340 06765 84552 10867 39136 69306 11854 91593 69734 83307 13195 06680
87266 18868 98225 39817 18963 29288 73249 95093 37836 46316 43846 14967 69028
32841 84136 33400 61846 70970 03827 51534 58133 09877 64931 71693 24983 67217
07632 97353 75182 73692 92852 74970 68121 77960 68651 63943 69260 65968 48941
14368 36276 29169 87317 11147 39189 79463 27757 06536 17740 95268 69936 53813
63483 69630 76261 01634 90694 98691 19031 78859 92773 94237 96596 58243 91059
12599 20458 38107 44740 47934 24045 50513 97671 33605 91833 47571 14969 76836
33200 58851 51231 03081 89863 89033 12632 51192 26309 58481 80583 01429 76314
94729 03925 73965 97743 37307 10968 79402 97813 70079 68734 00566 09528 12492
51559 13792 37431 13469 04458 48205 84542 77074 64900 47535 89837 09614 50995
28793 04413 28833 54293 36365 39386 09785 13787 39174 07815 81325 93877 46356
75248 68470 79531 37403 75647 05935 26505 83871 00164 60823 64842 70933 33145
32933 14172 53142 62510 33304 70996 81128 32979 29836 94287 72710 60085 19184
53837 70650 89964 54657 90005 42260 45271 51470 77137 45207 63028 79112 80209
43082 24402 06070 62823 08208 67885 02630 37733 35144 47560 65285 72190 08330
83634 02386 09203 56321 35638 23184 84421 99514 10743 87149 94254 25501 33039
92613 91550 10190 61463 31967 27199 46976 81701 21209 09761 35983 02048 32114
84971 75007 15018 45554 23280 15247 64072 30065 10896 34938 64309 80526 24587
31715 88659 31756 89747 53056 73590 88332 59896 11923 19881 18696 14000 55356
29494 51404 50806 11421 44904 20494 48819 54171 36403 96713 22868 69444 06261
56228 15233 33639 62795 17485 46986 28808 09956 04193 83781 61336 15697 95267
13793 45435 43190 18535 52613 91969 59277 00882 86344 40008 76478 21717 26908
27913 24493 46924 80711 24588 95951 88154 23829 52497 10206 15661 69481 36102
74494 29416 22885 90295 91798 53219 20885 31772 40583 13324 10104 17239 18286
82208 23926 65571 46168 64221 01544 01086 97439 70036 47170 35621 79054 65594
94493 31700 65175 29198 12405 72835 02437 43610 17977 69508 43633 73226 47084
62554 98368 06753 56987 51768 10381 75206 05779 48972 09850 90002 59507 89264
75029 23912 44032 77040 71918 40104 86962 84421 11609 86922 95214 49384 30963
75696 34087 87147 93318 41079 04312 83898 59949 63982 78449 66881 90643 90893
63948 58404 59883 77626 53245 96884 82999 01455 26008 05726 27872 65309 93370
92686 31265 06065 46084 65620 22108 45053 93267 91317 06841 39088 99518 65628
81070 86701 94485 20765 40792 44417 32133 22321 96041 18022 58149 97707 98839
76373 69268 80495 50104 09293 13907 96086 20689 85675 61398 63786 35546 18182
76369 29266 55687 49282 15481 84796 63283 70471 36636 66842 23627 30097 90537
96897 33790 93662 51779 53160 51746 41027 98319 75339 79165 17048 61188 97983
41564 18998 50573 23840 20730 35007 50526 69695 59459 47530 81616 63288 53115
72351 60935 26311 87129 39372 95573 98993 32179 45181 58269 65807 36834 17584
26027 41842 35030 84668 36981 93879 10993 38635 61435 05999 35495 97333 51421
79739 95915 74279 62068 89856 58458 44938 75193 80550 46851 07321 01142 05022
17815 12811 84041 37521 25059 03613 29385 14699 74272 92035 82950 92058 11367
39588 56222 47504 95081 17521 88165 62755 21376 81095 61886 09556 64505 37276
34697 88466 06797 37487 36658 75910 55480 49054 65823 72000 96293 75447 92963
44115 91556 02311 38432 51824 84503 83276 23479 54001 80535 65555 12225 36669
39079 93170 67896 79775 62367 83441 75290 79488 91802 48829 82812 45615 59011
35124 82344 59109 22309 09649 42393 39917 14557 10894 13238 49548 46868 05093
35203 77097 04937 85006 63671 83942 42326 05741 61555 09029 27006 60962 93813
08087 73397 87718 44277 30148 33232 75475 57367 83313 78954 71455 35129 55719
35818 85962 15868 47564 84475 21923 08284 23777 75601 27212 34731 36878 52185
64362 95326 30922 86535 13916 04408 38713 01386 13284 16662 94775 61048 57391
74072 22093 60021 06815 88247 17926 85083 15895 91367 30214 35966 25426 55370
60385 93255 84391 95052 23140 87154 39952 10720 44463 75712 68651 19516 54835
31243 79908 70830 70940 54424 15158 09139 59415 87048 43980 56720 24828 56647
64444 73626 04252 96190 77057 38740 35446 03365 86792 21463 82253 65973 99300
19746 68174 15720 62425 97452 55604 66292 09551 59966 31179 12609 70294 43451
76608 75761 95612 47872 05040 96090 62772 36276 90457 11709 72906 10664 11540
89876 97078 47042 98003 49820 33351 13630 87796 76287 97462 76677 03893 88802
68487 48953 20143 84816 32037 71785 44620 54861 85998 66846 36917 12088 36027
93194 05865 85994 25778 51551 97137 98214 40768 98492 11487 92915 01799 18547
20055 85845 24139 79243 93774 69676 03951 81014 51697 71286 06342 35352 47429
05752 60172 15156 21292 40720 79683 56199 67878 38301 89610 55921 62237 14805
62682 71460 30855 06932 80618 79379 76625 43107 17428 33007 74923 56369 90700
12056 74258 36156 23360 75475 00827 78953 79090 71263 59629 49267 63891 07543
95759 73972 56047 83995 10790 07879 76630 71024 14982 67599 34524 98056 94328
47819 40321 92262 07098 70175 99524 15628 47651 95847 52248 05057 85841 98211
79909 20308 38909 20823 62251 41975 96489 27789 44163 00881 11797 23219 35484
77137 53084 62882 88833 21692 57532 78356 58786 89201 06488 65205 02198 55276
42612 79565 27593 65359 35904 80522 05587 30696 08538 79351 30221 53293 80382
70928 86725 66169 55266 01977 88055 45005 41776 52374 95531 99928 05345 98966
23994 94012 87401 22786 77451 05258 41669 87084 86626 72454 92968 78568 41755
08510 91049 29137 93478 55145 69911 52291 52275 03773 08973 31020 05050 07906
90667 14358 39262 11554 67539 34391 57986 01330 29544 40393 24222 71218 97504
68963 84482 25210 88205 46415 27417 47916 93426 07101 99272 78518 52052 01646
21127 27123 17482 77979 65928 92048 50823 01853 51920 67323 37236 82248 31050
64290 21536 26845 61847 80096 22824 73315 07641 88329 30481 58436 51352 73089
78367 27021 02302 36273 20228 37364 58026 02496 00000 00000 00000 00000 00000
00000 00000 00000 00000 00000 00000 00000 00000 00000 00000 00000 00000 00000
00000 00000 00000 00000 00000 00000 00000 00000 00000 00000 00000 00000 00000
00000 00000 00000 00000 00000 00000 00000 00000 00000 00000 00000 00000 00000
00000 00000 00000 00000 00000 00000 00000 00000 00000 00000 00000 00000 00000
00000 00000 00000 00000 00000 00000 00000 00000 00000 00000 00000 00000 00000
00000 00000 00000 00000 00000 00000 00000 00000 00000 00000 00000 00000 00000
00000 00000 00000 00000 00000 00000 00000 00000 00000 00000 00000 00000 00000
00000 00000 00000 00000 00000 00000 00000 00000 00000 00000 00000 00000 00000
00000 00000 00000 00000 00000 00000 00000 00000 00000 00000 00000 00000 00000
00000 00000 00000 00000 00000 00000 00000 00000 00000 00000 00000 00000 00000
00000 00000 00000 00000 00000 00000 00000 00000 00000 00000 00000 00000 00000
00000 00000 00000 00000 00000 00000 00000 00000 00000 00000 00000 00000 00000
00000 00000 00000 00000 00000 00000 00000 00000 00000 00000 00000 00000 00000
00000 00000 00000 00000 00000 00000 00000 00000 00000 00000 00000 00000 00000
00000 00000 00000 00000 00000 00000 00000 00000 00000 00000 00000 00000 0000
(end 4000! -- 12674 digits)

5000!
42285 77926 60554 35222 01064 20023 35844 05390 78667 46266 46748 84978 24021
81358 05270 81082 00690 89904 78717 06387 53708 47466 57300 68544 58784 86066
68381 27363 37210 89377 27876 31279 39036 30584 62160 64390 44789 86982 23987
19297 08896 21161 26529 68321 77550 03992 42196 83703 14690 72644 72878 78979
04047 54884 16221 52266 71928 41096 92369 10449 56597 17363 52948 40022 38403
81120 64482 02308 57671 10450 23061 74894 75542 83097 61781 72404 08053 24809
92780 93287 84055 48619 93645 48291 21187 62582 48802 18917 39779 00050 21321
25980 43639 24462 64607 70511 35884 65951 08675 47058 58339 24655 22558 90354
74435 98834 73831 78988 03463 30084 58631 51020 90915 09935 65382 00109 33047
96574 25567 41930 91705 51728 05200 23607 50859 91197 63522 87559 07902 04336
97431 23506 91683 12119 24495 97155 62674 07521 46219 89862 33088 62599 83028
59864 85757 87494 45963 11528 69708 86710 04626 84236 48178 98990 54546 90861
39161 32183 44174 14880 71862 34448 11483 12094 90361 19654 68727 67755 61788
68287 20269 10481 40924 56410 34183 59756 04276 45816 15131 78575 90166 10717
82544 15698 08833 59372 72999 56033 71371 20047 10494 37656 29114 24886 05335
29949 96423 00699 97220 49181 20100 81905 94391 40675 05326 50047 75533 85089
90979 45101 55109 14869 07004 40711 95723 36026 24336 81323 30218 70928 76991
96806 65656 97527 90422 25826 78415 61083 37642 57810 32629 20268 72110 70274
68139 43511 28601 50232 61906 49959 17189 73641 76378 43649 12197 09109 84094
45148 95358 95910 38041 76941 95665 78348 22071 74910 55127 52639 14838 11720
52604 82696 51626 42710 09491 93933 32661 03010 43605 30459 11701 45572 09584
71435 37219 48246 68679 34673 75904 87226 81334 10207 86090 36571 08806 37661
62497 49507 41310 70774 01682 18058 59455 26445 17140 92774 69230 06269 75113
46044 17456 79467 35828 78226 16295 84248 67515 73791 72942 72417 87831 05429
85824 51175 75511 88450 65744 24827 57466 08002 38588 37849 23962 47368 76150
70157 67725 89832 11286 32295 53704 49025 16387 92512 75908 41791 74464 04669
13531 04734 79844 64996 15459 55420 13996 31735 74763 01740 03679 61929 19942
19076 28954 45656 26176 70417 99538 16113 33873 12823 51153 41525 81309 08791
58836 38351 66479 72259 12944 27065 35571 42511 73732 38072 32632 95812 17979
16679 69232 96870 96923 90100 32555 74789 05509 98074 87061 04723 06461 95984
95523 96576 12208 67386 65141 71699 30755 76918 97902 67515 73420 75864 79634
53384 46835 08596 54907 27326 32191 05040 64289 71309